40.017935 0.0016972991
40.035454 0.0016847561
40.053119 0.0014979542
40.070609 0.0015096441
40.088056 0.0019060985
40.105424 0.0019266097
40.122906 0.0017183391
40.140337 0.0019094543
40.157685 0.0022144388
40.175025 0.0022758518
40.19246 0.0023905768
40.210007 0.0021714162
40.227546 0.0021866792
40.244928 0.0020273065
40.262239 0.0019323767
40.27961 0.0013370956
40.297099 0.00082120705
40.314482 0.00045110401
40.331827 0.00045400781
40.349107 0.00032564211
40.366152 4.0967872e-005
40.383291 -9.1449181e-005
40.400467 1.0692792e-005
40.41777 -0.00013235362
40.435142 -0.00034233369
40.452493 -0.00083450192
40.469832 -0.00083243268
40.487037 -0.00030688679
40.504124 7.5895467e-005
40.521263 0.00037494177
40.538294 0.0006247001
40.555527 0.00065279882
40.573193 0.00058512619
40.590652 0.00048948859
40.608253 0.00012134574
40.625707 -9.8928287e-005
40.643058 -0.00018125531
40.660616 0.00018897161
40.678009 3.9225218e-005
40.69556 -0.00030228039
40.712939 -0.00051908513
40.73043 -0.00045781752
40.747985 -0.00017473998
40.76555 0.00018060503
40.783131 0.00021049922
40.800707 0.00027595458
40.818242 0.000314279
40.835665 0.00057413732
40.853126 0.00077958051
40.870323 0.00061642224
40.887752 0.00047596292
40.905243 0.00059621348
40.922772 0.00061504523
40.940306 0.00033990828
40.957836 -8.9619833e-005
40.97539 -0.00052622584
40.992792 -0.00070816309
41.010219 -0.00045212909
41.027597 -0.00040959285
41.045234 -0.00014912159
41.062811 -4.8667203e-005
41.080563 2.4777596e-005
41.098284 0.00011856187
41.11571 0.00013632951
41.133465 0.00021029134
41.151069 0.00015897946
41.168617 -0.00011015752
41.186083 -0.00051433344
41.203629 -0.00048097213
41.221221 -0.00071666548
41.238805 -0.00075493831
41.256237 -0.00099751719
41.273765 -0.00093381463
41.291114 -0.00094267397
41.308364 -0.00096535467
41.325835 -0.0010959196
41.343029 -0.0011386112
41.360428 -0.0013029372
41.377965 -0.0010940291
41.395414 -0.00065142815
41.412756 -0.00085201687
41.43018 -0.0010669844
41.447524 -0.0011658807
41.465021 -0.001314851
41.482286 -0.0015288274
41.49982 -0.0016614794
41.517425 -0.0018370313
41.535055 -0.0017216258
41.552858 -0.0018093794
41.570421 -0.0017115046
41.587999 -0.0018091373
41.605609 -0.0021314876
41.623223 -0.0020058579
41.640718 -0.0017479626
41.658282 -0.0016400654
41.675692 -0.0017205238
41.69338 -0.0015742774
41.71086 -0.001436892
41.728445 -0.001302837
41.745885 -0.0011257132
41.763245 -0.00087350093
41.780838 -0.00064568485
41.798289 -0.00073265582
41.815835 -0.00026942563
41.833385 0.0002577864
41.850871 0.00015483047
41.868323 0.00021009814
41.88568 0.00052976658
41.903103 0.00053929106
41.920565 0.00053042001
41.937966 0.00078352598
41.955422 0.00052797624
41.972949 0.00038450883
41.990476 0.00014583924
42.008007 -9.2847541e-005
42.025393 -0.00041943601
42.042803 -0.0011201144
42.060268 -0.0013514519
42.077593 -0.0014124533
42.09511 -0.0015597891
42.112403 -0.001470663
42.129814 -0.0013842887
42.147162 -0.0011540186
42.164671 -0.00082552119
42.182241 -0.00087541189
42.19963 -0.00068084658
42.216911 -0.00047745515
42.234352 -0.00049888763
42.251835 -0.00023758398
42.269349 -2.8051958e-005
42.286985 -0.00025410343
42.304505 -0.00054069568
42.32215 -0.00084873598
42.339544 -0.0007795242
42.356937 -0.0012045546
42.374266 -0.0011397236
42.39152 -0.00085753439
42.408627 -0.0010822931
42.425797 -0.0011133465
42.442892 -0.0012710352
42.459866 -0.0013464689
42.476855 -0.0013083997
42.493897 -0.0010880836
42.510911 -0.00071823931
42.527855 -0.0006067925
42.545024 -0.00066020998
42.56221 -0.000721037
42.579281 -0.0012963255
42.596467 -0.0015235296
42.613903 -0.0012474669
42.63141 -0.0010633458
42.648754 -0.00063288577
42.666392 -0.00040715544
42.684002 -0.00035990501
42.701639 -0.00036261613
42.719317 -0.0005116489
42.737098 -0.00025616833
42.754567 -0.00016015692
42.772153 0.00020201076
42.789703 0.00048233727
42.807129 0.00023080243
42.824627 0.00014236562
42.842041 6.4898933e-005
42.859697 -0.00016470718
42.877162 -5.1229513e-005
42.894655 -0.00012566527
42.912221 -0.00025096159
42.929636 -7.1340206e-005
42.947024 9.7859996e-005
42.96455 0.00011816437
42.982071 0.00039704921
42.999548 0.00042973735
43.016941 0.00077440773
43.034384 0.00050516809
43.051835 0.00073110409
43.06922 0.0012028461
43.08665 0.0012504497
43.103919 0.0013035378
43.121161 0.0014842134
43.138492 0.0013877547
43.155725 0.00098965399
43.173158 0.00071646534
43.190468 0.00029449854
43.20793 0.00010625681
43.225489 -0.00014976365
43.242957 -2.9106429e-005
43.260288 -9.0857603e-005
43.277658 -0.00062402065
43.295144 -0.0010671009
43.312521 -0.0013073139
43.329952 -0.0014882594
43.347337 -0.0013464755
43.364864 -0.0015254336
43.382318 -0.0016508871
43.399827 -0.0017230306
43.417313 -0.0015324006
43.434861 -0.0013551447
43.452293 -0.0012383283
43.470042 -0.0013023357
43.48769 -0.0010241047
43.505162 -0.00059702701
43.522868 -0.00025053973
43.540358 -0.00027501271
43.55806 -0.000409076
43.575707 -8.2812295e-005
43.593297 0.00014969002
43.610946 0.00017767732
43.628451 0.00025797275
43.645827 0.00015525892
43.663249 0.00025144632
43.680544 0.00042571977
43.697938 0.00067528921
43.715402 0.00056784267
43.732928 0.00042901723
43.750436 0.00065220115
43.767849 0.00086292125
43.785238 0.0008773834
43.802639 0.0011252122
43.819991 0.0010586572
43.837407 0.00079981401
43.854843 0.00077569813
43.872333 0.00073584125
43.889987 0.0005841973
43.907558 0.00038463748
43.925047 0.00034620966
43.942419 9.1341049e-005
43.959911 -0.00033529771
43.977395 -0.00041046954
43.994812 -0.00035382812
44.012279 -0.00032210868
44.029616 -0.00028740662
44.047049 -0.00026655713
44.064484 -0.00013178784
44.081771 -0.00020483932
44.099078 -0.00025915875
44.116442 -0.0004630843
44.133849 -0.00031924599
44.151358 8.6004433e-005
44.168836 0.0006416939
44.186175 0.00030497648
44.203591 7.5488908e-006
44.221006 -0.00015408998
44.238464 -0.00021796618
44.25592 -2.0098526e-005
44.273264 0.00010158172
44.290748 0.00046037387
44.308081 0.00051423318
44.325366 0.00061577928
44.342596 0.00016170031
44.359935 -7.1656727e-005
44.377083 -0.00044872782
44.394439 -0.00051864464
44.411816 -0.00027878256
44.428946 -8.0134791e-005
44.446305 2.1602545e-005
44.463517 5.4604391e-005
44.480648 0.00011082686
44.497811 -1.4674826e-005
44.514954 -8.2257824e-006
44.532039 -0.00018352352
44.549136 0.00010756197
44.566122 4.7535389e-005
44.583335 0.00029949818
44.600513 0.00070774373
44.617766 0.00079218499
44.635059 0.00074225788
44.652248 0.00061953455
44.669484 0.00028475645
44.686996 -0.00012886033
44.704448 -0.00023331055
44.721968 -0.0003468837
44.739645 -0.00015661278
44.757211 -0.00024644892
44.774778 -0.00017939679
44.792282 -4.9307941e-005
44.809886 -3.3918125e-005
44.827442 -2.3822103e-005
44.845197 -1.7017919e-005
44.862757 0.00014294613
44.880383 0.00049269479
44.897959 0.0009200637
44.915461 0.0011229866
44.932837 0.0015411523
44.950176 0.0017585234
44.967674 0.0017698185
44.985199 0.0020441643
45.002762 0.0021090496
45.020287 0.0021090957
45.03765 0.0019497934
45.054935 0.0017118796
45.072358 0.0014319523
45.089663 0.0011856379
45.107045 0.00095559936
45.124463 0.00070601479
45.142111 0.00065749555
45.159674 0.00082305589
45.177303 0.0012623989
45.194872 0.0012269332
45.212472 0.0011856974
45.229878 0.00091071262
45.247436 0.001096326
45.264911 0.0012271161
45.282352 0.0017122573
45.299793 0.0019092576
45.317193 0.0019493009
45.334622 0.0019214896
45.351998 0.0019211916
45.369415 0.0015865712
45.386643 0.0010814442
45.403959 0.00099807819
45.421291 0.00086528466
45.43871 0.0010012057
45.456112 0.00066923816
45.473618 0.00057573569
45.491294 0.00057961551
45.508942 0.00088511809
45.526608 0.00080927844
45.544225 0.00082413477
45.561838 0.00045067765
45.579247 0.00014506942
45.596844 8.06352e-005
45.614322 0.00024380914
45.631837 0.0004014847
45.649413 0.00038772137
45.666824 0.00060153962
45.684297 0.00077096471
45.701575 0.00070565219
45.718883 -9.046369e-005
45.736297 -0.00019902971
45.753829 -0.00023551836
45.771114 -9.2031538e-005
45.788647 0.00042326698
45.806019 0.00027333764
45.823438 2.5354556e-005
45.840795 -0.00021848754
45.858199 -9.8382901e-005
45.875697 0.00014873901
45.893134 -0.00014395239
45.910615 -0.00048182993
45.928276 -0.00012190408
45.945644 9.0992317e-005
45.96293 0.00044115627
45.980484 0.00048299803
45.997993 0.00015873545
46.015613 0.00073223535
46.033235 0.00063869969
46.050763 0.0007859054
46.06823 0.00091930653
46.085423 0.00054353681
46.102781 0.00093190714
46.120219 0.0013716774
46.137549 0.0011805817
46.154978 0.0010867213
46.172521 0.00074075397
46.189864 0.00059688035
46.207221 0.0006245069
46.22475 9.157442e-005
46.242136 0.00026524482
46.259606 0.00048749002
46.277087 0.00032310358
46.294964 0.00068898782
46.312499 0.00088074106
46.330016 0.00075959033
46.347559 0.0010874673
46.365016 0.0010774578
46.382386 0.0013855203
46.399719 0.00156485
46.417372 0.0015711048
46.434743 0.0021718814
46.452153 0.0018432594
46.469504 0.0012779426
46.486896 0.0011783158
46.504041 0.00087775673
46.52146 0.00036410052
46.538462 0.00036306756
46.555472 0.00043728398
46.572649 0.00063271455
46.589843 0.00027578743
46.607092 0.0001501668
46.624129 7.9161882e-005
46.641225 -0.0003983593
46.658432 7.987886e-005
46.675728 0.00048091203
46.69285 0.0005302301
46.710009 0.00060806885
46.727205 0.0006644281
46.744882 0.00057872975
46.762475 0.00040225424
46.779884 2.9630374e-005
46.797339 0.00025191881
46.814738 0.00037465977
46.832177 0.00063405133
46.849636 0.0011122191
46.867105 0.0010887263
46.884468 0.00095450417
46.901832 0.0010672301
46.919368 0.0012243752
46.936802 0.0015939681
46.954087 0.0017519585
46.971352 0.0017079826
46.988608 0.0021575217
47.005904 0.0023207156
47.023439 0.0022112517
47.040769 0.0019207461
47.058116 0.0013918916
47.075518 0.0011793468
47.092807 0.00095378077
47.110166 0.00063717984
47.127487 0.00040383207
47.144899 -9.0634656e-005
47.162324 -0.0006426231
47.179885 -0.00066476911
47.197623 -0.00096428651
47.215326 -0.0012744203
47.232748 -0.0012258935
47.250328 -0.0010405659
47.267782 -0.0010278172
47.285159 -0.0011165096
47.302759 -0.00096256943
47.320201 -0.00080359912
47.337805 -0.0011656554
47.355115 -0.0011756031
47.372462 -0.00094002099
47.389879 -0.0011754719
47.407208 -0.0011898366
47.424564 -0.0013731061
47.441995 -0.0013231905
47.459236 -0.0013046262
47.476583 -0.00090852626
47.493811 -0.00061768406
47.511138 -0.00062761062
47.528657 -0.00044426006
47.545934 -5.2517315e-005
47.563545 3.1679928e-005
47.581181 7.1886204e-005
47.598622 0.00050953265
47.616033 0.00052379839
47.633502 0.00051051119
47.650904 0.00019723544
47.66848 -9.954918e-005
47.685897 -0.00024032131
47.703426 -0.00050729805
47.720826 -0.00050995559
47.738324 -0.00090142599
47.755951 -0.0011903628
47.773331 -0.0010641056
47.790756 -0.0012419637
47.808184 -0.0016167617
47.825619 -0.0017833255
47.842998 -0.0014803913
47.860525 -0.0012720974
47.877884 -0.00095916878
47.895322 -0.0012338769
47.912815 -0.0013862643
47.930399 -0.001431768
47.947671 -0.0012128846
47.965073 -0.0010634225
47.982555 -0.0013785531
48.000018 -0.0012265737
48.017411 -0.00089669689
48.034854 -0.000876714
48.05226 -0.0012044002
48.06953 -0.0012640499
48.086769 -0.001635106
48.10426 -0.0012702906
48.121786 -0.00075901882
48.138997 -0.0005904717
48.156522 -0.0002723651
48.173695 -0.00016658455
48.190911 1.6002849e-005
48.208139 -9.6947037e-005
48.225382 -0.00013530379
48.242783 -0.00030886741
48.26006 -0.00029286398
48.277494 -0.00043311108
48.295016 -0.00043560052
48.312362 -0.00050177477
48.329719 -0.00081052743
48.347255 -0.0011805778
48.364625 -0.0016398767
48.38231 -0.0019175809
48.399767 -0.0017882185
48.417125 -0.0017371986
48.434531 -0.0015991516
48.451959 -0.0014622037
48.469507 -0.00153911
48.487049 -0.0012143282
48.504547 -0.00075150334
48.522097 -0.0011084774
48.539574 -0.001132663
48.557045 -0.0013341581
48.574357 -0.0014555864
48.591413 -0.0014121456
48.608631 -0.0012217377
48.625902 -0.00095108172
48.643355 -0.0010515939
48.660603 -0.0010260258
48.677755 -0.00099765771
48.694946 -0.0011326459
48.712204 -0.0014017785
48.729354 -0.0011156284
48.74644 -0.0011172903
48.763496 -0.00062829233
48.78085 -0.00020644262
48.798105 -4.3918357e-005
48.815399 -0.0002987484
48.832761 -0.00063567808
48.849956 -0.00063787256
48.867164 -5.8544556e-005
48.884386 0.00072034953
48.901498 0.00099544718
48.918744 0.0010983018
48.935899 0.00091518292
48.953151 0.0011142212
48.970655 0.0011431186
48.987802 0.001024542
49.005384 0.00096473703
49.022821 0.0011376258
49.040285 0.0012586454
49.057745 0.0012624562
49.075154 0.0008510269
49.092606 0.00056442146
49.110185 0.00038827092
49.127577 9.3003308e-005
49.145074 0.00016324042
49.162598 9.96111e-005
49.179962 0.00010403422
49.197598 -5.7820245e-005
49.214855 -1.008473e-005
49.232357 -0.00038579318
49.249705 -0.00049318687
49.26707 -0.00047987608
49.284576 -0.00041350295
49.302093 -0.00092568426
49.31945 -0.00098480721
49.336897 -0.00050407038
49.354339 -0.00037157768
49.371684 -0.0005803028
49.389096 -0.00075316071
49.406456 -0.00055029141
49.424083 -0.00063291566
49.441763 -0.00050227719
49.459395 -0.00037973796
49.476811 -0.00038055299
49.494213 -0.00049699709
49.511545 -0.00024248818
49.529067 -0.00030179756
49.546545 -0.00048803043
49.564009 -0.00042189069
49.581517 -0.00028787339
49.598716 -0.00012022056
49.616063 -8.2198223e-005
49.63344 0.00010809864
49.650483 0.00023195434
49.66769 -4.0128543e-005
49.685162 -0.00033278962
49.702609 -0.00013854937
49.720035 0.0001747654
49.737364 0.00037187426
49.754683 0.00030153365
49.772008 0.00018943472
49.789447 0.00011723996
49.807093 0.00042096394
49.824658 0.00036617485
49.842009 0.00043213243
49.859529 0.00047936942
49.877017 0.00081621005
49.894302 0.00080527411
49.911647 0.00075791393
49.929184 0.00051782698
49.946743 0.00049567607
49.964232 0.00071349095
49.981764 0.00091614908
49.999189 0.0013151772
50.016486 0.0011606695
50.033607 0.0013535553
50.050879 0.0014759471
50.068106 0.0014953868
50.085329 0.0018356441
50.10296 0.0024904988
50.120412 0.0024926197
50.137706 0.0026129136
50.154993 0.0023128972
50.172417 0.0023737848
50.189791 0.0021495073
50.207122 0.0014813671
50.22453 0.0013815429
50.242132 0.0012130835
50.259671 0.00080589968
50.277283 0.00096686013
50.29481 0.00064314761
50.312209 3.3907157e-005
50.329578 5.8367891e-005
50.347126 -0.00016045163
50.364492 -9.8127847e-005
50.381824 -0.00026427426
50.399233 -5.1100987e-005
50.416536 0.00057249618
50.434043 0.00085389362
50.451295 0.0010602866
50.468543 0.00096850588
50.485885 0.0009127802
50.503256 0.0011503054
50.520571 0.0012914142
50.53819 0.0012326403
50.555475 0.0016824556
50.573045 0.0019105693
50.590429 0.0022206588
50.607551 0.0023934452
50.624996 0.0023371708
50.642286 0.0021352109
50.659563 0.0018926929
50.676797 0.0019193228
50.694036 0.001997172
50.711253 0.0019040759
50.728425 0.0018070424
50.745327 0.001789363
50.762544 0.0015262808
50.779553 0.0016662286
50.796651 0.0011730225
50.814222 0.0011282329
50.831549 0.001126921
50.848853 0.0013026235
50.866487 0.0015345735
50.883752 0.0025306079
50.90147 0.0021961987
50.918993 0.0019273831
50.936465 0.0021683754
50.953974 0.0023039737
50.971284 0.0022099934
50.988771 0.0022126616
51.006301 0.0023741956
51.02364 0.0022714972
51.040908 0.0025367454
51.058376 0.0022276362
51.075667 0.0022118994
51.093208 0.0017129644
51.110245 0.0020562886
51.127538 0.0025956742
51.144851 0.0024739358
51.162084 0.0024377573
51.179498 0.0024494048
51.196798 0.0020761454
51.214271 0.0021473676
51.231624 0.0020094245
51.249031 0.0017568272
51.266309 0.0020216764
51.283632 0.0021454835
51.301081 0.0021427457
51.318567 0.0021646214
51.336018 0.0019910028
51.353557 0.0018802003
51.371174 0.0017967827
51.388657 0.0019315976
51.406068 0.0019813218
51.423498 0.0021268845
51.440868 0.0022728749
51.458266 0.0023870931
51.475582 0.0020637894
51.492964 0.0017583549
51.510333 0.0018453787
51.527592 0.0019266721
51.544833 0.0021102082
51.562163 0.002687608
51.579496 0.0030771581
51.597019 0.0028379349
51.614559 0.0034034678
51.631868 0.0034950457
51.649517 0.0034453307
51.666851 0.0036100329
51.684382 0.004095267
51.701894 0.0044517036
51.719433 0.0047663301
51.737016 0.0048518813
51.75454 0.0047339081
51.771923 0.004739868
51.78948 0.0046803695
51.806837 0.0050202554
51.82422 0.0048582895
51.84162 0.0051160833
51.85883 0.0054576931
51.876351 0.0050037665
51.893822 0.0051477059
51.911276 0.0053549373
51.928696 0.0052507262
51.946142 0.0053216657
51.963523 0.0054278235
51.980989 0.0052786824
51.998341 0.005641642
52.015729 0.0060391856
52.033099 0.0060889794
52.050457 0.005729283
52.067895 0.0056370735
52.085278 0.0061735156
52.102481 0.0060672054
52.119879 0.0057413546
52.137228 0.0056594152
52.154487 0.0054726144
52.171902 0.0056545887
52.189323 0.0059478531
52.206666 0.0055977757
52.224058 0.0053478481
52.241484 0.0054644222
52.258884 0.0054919036
52.276187 0.0057212218
52.293641 0.0055771026
52.311244 0.0054124606
52.32857 0.0055968706
52.345847 0.0057671935
52.363283 0.0062774271
52.380657 0.0064380121
52.397986 0.0066866837
52.415541 0.0071911666
52.432871 0.0074999492
52.450246 0.0077387128
52.467731 0.0083102706
52.485229 0.0082494259
52.502653 0.0081824143
52.51991 0.0087662109
52.537247 0.0090175046
52.554849 0.0091723028
52.572248 0.0091153514
52.589715 0.0087523793
52.607238 0.0087178679
52.624451 0.008633974
52.641791 0.0087946139
52.659188 0.0086637582
52.676599 0.0086255457
52.694035 0.008672453
52.711317 0.0090697299
52.728451 0.0087406354
52.745556 0.0086163219
52.76247 0.0085007739
52.779627 0.0084177859
52.79668 0.008858331
52.813558 0.0088173338
52.830595 0.0087372601
52.847744 0.0086510754
52.864769 0.0085555573
52.881685 0.0083873549
52.89866 0.0083057462
52.915702 0.0082220781
52.933092 0.0087035264
52.950559 0.0088963513
52.967998 0.0089270036
52.985344 0.0090216664
53.002701 0.0090788465
53.020247 0.0091772584
53.037837 0.0092826192
53.055355 0.0092409013
53.07289 0.0095429624
53.090536 0.0099478774
53.108008 0.010270292
53.125555 0.010422001
53.143208 0.010222348
53.160703 0.010253888
53.178226 0.010653685
53.195773 0.010931566
53.213332 0.011093011
53.230786 0.011199946
53.248069 0.011393508
53.265514 0.011469139
53.282755 0.011516965
53.30019 0.011382249
53.317827 0.01145234
53.33521 0.011532457
53.352425 0.011652328
53.369695 0.011865629
53.387019 0.011708317
53.404169 0.012114498
53.421454 0.012157581
53.438667 0.012537583
53.456039 0.01254153
53.473209 0.012838755
53.490475 0.01302019
53.507624 0.01322459
53.524627 0.013654697
53.541913 0.013972133
53.559168 0.014146269
53.576577 0.014117135
53.593894 0.014039053
53.611363 0.013558617
53.628605 0.013559369
53.646028 0.013176028
53.663422 0.013068473
53.680818 0.012715051
53.698299 0.012576368
53.715779 0.012458689
53.733256 0.012148926
53.75064 0.01196917
53.768179 0.011977196
53.785538 0.012097448
53.802954 0.012345224
53.820286 0.012660397
53.837853 0.012963829
53.855223 0.013139748
53.872617 0.013344758
53.889845 0.013648599
53.907194 0.013710747
53.92459 0.013743985
53.941934 0.013811011
53.959345 0.013939997
53.976616 0.014153944
53.993835 0.014000677
54.01116 0.014186067
54.028451 0.014150026
54.045753 0.013694512
54.063014 0.013584261
54.080181 0.01365597
54.097675 0.01384995
54.114982 0.014215845
54.132207 0.01446822
54.149528 0.01443582
54.166789 0.014593857
54.184059 0.014577334
54.201392 0.015071601
54.218849 0.015276313
54.236396 0.015323991
54.253681 0.015643315
54.271237 0.015847484
54.288813 0.015982574
54.306328 0.016066058
54.323936 0.016169641
54.341419 0.016258832
54.358853 0.01663094
54.376364 0.016680449
54.393894 0.016884837
54.411444 0.016660145
54.428729 0.016694962
54.446092 0.016751225
54.463472 0.016670278
54.480754 0.016805112
54.498257 0.016998622
54.515544 0.016841771
54.532897 0.016673846
54.550267 0.01679971
54.567639 0.016918711
54.584948 0.016996016
54.602248 0.016787978
54.619503 0.016759028
54.636931 0.016620668
54.654162 0.01637577
54.671677 0.016669301
54.68924 0.017232976
54.706496 0.017451315
54.723888 0.017588634
54.741267 0.017695436
54.758607 0.017697587
54.775984 0.0178224
54.793298 0.017934516
54.810515 0.01801645
54.82775 0.018429218
54.844851 0.018736189
54.862248 0.019345121
54.879371 0.019411149
54.896372 0.019236902
54.913472 0.019154022
54.930625 0.019377502
54.94769 0.019346191
54.96485 0.019432073
54.98172 0.019582347
54.99891 0.019390634
55.015963 0.01971199
55.033234 0.019670909
55.050561 0.019495322
55.067738 0.019294235
55.085027 0.019432086
55.102337 0.019449903
55.119497 0.019412219
55.136726 0.019551596
55.153872 0.019823396
55.17111 0.020114262
55.188669 0.019899197
55.205789 0.020501006
55.223277 0.020368938
55.2407 0.02068208
55.258059 0.020688475
55.275377 0.020897127
55.292704 0.020657221
55.310074 0.020483242
55.327593 0.020645822
55.345074 0.020402792
55.362671 0.02043188
55.380038 0.020480965
55.397317 0.020634251
55.415001 0.02037729
55.432458 0.020301454
55.449768 0.02002724
55.467154 0.020100396
55.48444 0.020058228
55.501715 0.020528625
55.519008 0.020543858
55.536239 0.020455425
55.553461 0.020740646
55.570676 0.021025607
55.588085 0.020617101
55.60565 0.020348467
55.622828 0.02032395
55.640176 0.020321916
55.657607 0.020440561
55.674951 0.020581447
55.692402 0.020502061
55.709747 0.020464083
55.727048 0.020701227
55.744501 0.020539068
55.761877 0.020473587
55.779276 0.020077158
55.796557 0.02040461
55.81384 0.020630195
55.831362 0.020568288
55.848654 0.020655358
55.866051 0.020743071
55.883382 0.02086994
55.900627 0.021078087
55.918022 0.021112848
55.935463 0.021230669
55.952881 0.021513527
55.970426 0.021686994
55.987958 0.022078936
56.005304 0.021628776
56.022766 0.021585742
56.040106 0.021762408
56.057652 0.022085143
56.075043 0.021998131
56.09257 0.021932123
56.110215 0.02154233
56.127751 0.021338805
56.14533 0.021311209
56.162895 0.021361043
56.180115 0.0218088
56.197386 0.021879834
56.214838 0.021999845
56.232248 0.021687057
56.249781 0.021755704
56.26717 0.021992081
56.284617 0.022362043
56.301945 0.022520829
56.319223 0.023202465
56.336612 0.023448008
56.354 0.02356455
56.371353 0.023517598
56.388843 0.022953695
56.406393 0.022803465
56.423901 0.023016435
56.441172 0.023555049
56.458477 0.023249194
56.475689 0.023041299
56.493092 0.022582823
56.510287 0.022642261
56.527606 0.022662178
56.544885 0.022930378
56.562252 0.02287548
56.579638 0.023075453
56.596895 0.023567804
56.614166 0.023999808
56.63165 0.024423198
56.648913 0.024678926
56.666024 0.024937019
56.683363 0.024751157
56.700536 0.025050045
56.718218 0.025205316
56.735861 0.025286913
56.753382 0.024887191
56.770772 0.024994754
56.788023 0.025036249
56.805394 0.02485805
56.82271 0.024893471
56.839727 0.024534797
56.857032 0.024070805
56.874101 0.024276482
56.891244 0.024548443
56.908292 0.024367265
56.925072 0.024111348
56.941895 0.023523351
56.958745 0.023265573
56.975634 0.022894539
56.992574 0.022914778
57.009661 0.022700507
57.026684 0.022038456
57.04388 0.021902038
57.060988 0.021969785
57.078351 0.021704769
57.09561 0.021676214
57.113081 0.021959007
57.13058 0.021878063
57.147682 0.022172701
57.164859 0.022441666
57.182341 0.022602068
57.199905 0.022514104
57.217178 0.022776379
57.234519 0.023103673
57.251672 0.023730731
57.269016 0.024110215
57.286676 0.024337621
57.304096 0.024385504
57.321395 0.024363096
57.338707 0.024649287
57.356203 0.024926596
57.373723 0.025228989
57.390841 0.025318731
57.407958 0.025632456
57.425249 0.025695859
57.442595 0.025740706
57.459998 0.025425087
57.477398 0.025217361
57.494488 0.025468026
57.511809 0.025540875
57.529114 0.025447046
57.546541 0.025433607
57.563955 0.025386621
57.581347 0.025364691
57.598713 0.025248641
57.61616 0.024806177
57.633722 0.024564796
57.651071 0.024970067
57.66866 0.025451919
57.686111 0.025792722
57.703563 0.025538591
57.720833 0.025689473
57.738194 0.02611238
57.755448 0.026168599
57.772786 0.026136535
57.790095 0.026132214
57.807405 0.026608957
57.824621 0.027034582
57.842076 0.027208744
57.859408 0.026942511
57.876718 0.026842328
57.894127 0.026821521
57.9115 0.027037146
57.929187 0.026790609
57.946512 0.026678155
57.963875 0.026691391
57.9813 0.027146372
57.998744 0.027373205
58.016269 0.027230619
58.033787 0.02710974
58.050898 0.02733996
58.06832 0.027525884
58.085663 0.027355345
58.103119 0.027192793
58.120559 0.027021551
58.137946 0.027201988
58.155538 0.027468462
58.173046 0.027522251
58.190488 0.027332146
58.2082 0.027380939
58.225672 0.027556177
58.242988 0.027644557
58.260579 0.027640055
58.277986 0.027595462
58.29533 0.027955104
58.312431 0.028117056
58.329727 0.028275602
58.346847 0.028361406
58.364002 0.028084759
58.381318 0.028078209
58.398579 0.028160243
58.415676 0.028134063
58.432959 0.027892078
58.450419 0.027910893
58.467467 0.027795572
58.484731 0.027675767
58.502084 0.027373885
58.519461 0.027401064
58.536717 0.027421918
58.554129 0.027287645
58.57151 0.02705801
58.588773 0.027135181
58.606097 0.02713604
58.623291 0.026892176
58.640655 0.026678799
58.657951 0.026766428
58.675584 0.026890897
58.693026 0.027091956
58.710424 0.027297076
58.727814 0.027576843
58.745201 0.028061476
58.762459 0.028176427
58.77972 0.028316508
58.796994 0.028642158
58.814293 0.028627906
58.831539 0.028826316
58.848781 0.029323546
58.866042 0.029314608
58.883252 0.02952942
58.900545 0.02944588
58.917729 0.029390535
58.934777 0.029193196
58.951918 0.028738945
58.969201 0.028678939
58.986455 0.028887648
59.003617 0.028728299
59.02072 0.028620343
59.037964 0.028399586
59.05505 0.028093863
59.072119 0.028176382
59.089385 0.027986564
59.106543 0.02777798
59.12378 0.027997863
59.141239 0.028208508
59.158646 0.028165851
59.176014 0.028412464
59.193405 0.028281075
59.21078 0.028421969
59.22821 0.028787269
59.245545 0.029221372
59.26288 0.02950046
59.280376 0.029849618
59.2976 0.029881787
59.31491 0.030347725
59.332193 0.030118458
59.349533 0.029790681
59.366774 0.030102528
59.383896 0.030062119
59.400978 0.030349931
59.418367 0.030256235
59.435609 0.029877049
59.452901 0.029601042
59.470109 0.029592318
59.487331 0.029116188
59.504658 0.029381656
59.521952 0.02921165
59.539313 0.029144568
59.556688 0.029351078
59.573908 0.029047743
59.591172 0.02891632
59.608572 0.028714854
59.625759 0.028574992
59.643034 0.028453975
59.660229 0.028326412
59.677571 0.028302287
59.694702 0.028516853
59.711908 0.02827369
59.729144 0.028433818
59.746397 0.028693664
59.76375 0.028780878
59.78111 0.028996369
59.798506 0.029302411
59.815704 0.029601714
59.833073 0.029910505
59.85044 0.030412174
59.868017 0.030797043
59.885492 0.030916392
59.903263 0.03082672
59.920748 0.030785437
59.938309 0.030440459
59.955791 0.03022697
59.973065 0.030409301
59.990561 0.030738352
60.007994 0.030510596
60.025569 0.030523041
60.042975 0.030351018
60.060469 0.030023823
60.077945 0.030033795
60.095365 0.030310265
60.11264 0.030523322
60.129981 0.030772237
60.147233 0.031075199
60.164577 0.03135116
60.182033 0.031271996
60.199385 0.031119219
60.2169 0.031419557
60.234272 0.031420567
60.251746 0.03161701
60.269124 0.03201819
60.286329 0.032272726
60.303655 0.032118527
60.320799 0.031935288
60.338076 0.031523841
60.355214 0.031420241
60.372476 0.031118036
60.389532 0.031014738
60.406731 0.030851666
60.423809 0.030413233
60.441049 0.030062857
60.458311 0.029724395
60.475576 0.02938101
60.49308 0.028882058
60.510429 0.028709249
60.52811 0.028608949
60.545604 0.028888387
60.563245 0.028888215
60.580607 0.029179746
60.598203 0.029345481
60.615648 0.029734533
60.63318 0.03003034
60.650616 0.030246876
60.667985 0.030347413
60.685308 0.030361871
60.702543 0.03051941
60.719921 0.030599155
60.737061 0.030838405
60.754224 0.030807601
60.771469 0.030801326
60.788893 0.03067483
60.8061 0.03056576
60.823458 0.030431239
60.840742 0.03055941
60.85832 0.030939391
60.875677 0.031223622
60.893045 0.031531265
60.910236 0.031523088
60.927425 0.031800753
60.944595 0.032145517
60.961902 0.032226208
60.979124 0.032152106
60.996204 0.032554717
61.013204 0.032629755
61.030111 0.032468652
61.046999 0.032269647
61.063721 0.031752306
61.080596 0.031317588
61.097527 0.031234247
61.114556 0.031226118
61.131598 0.030746483
61.148595 0.030056803
61.165643 0.029955277
61.182736 0.03009664
61.199978 0.029639439
61.21741 0.029176463
61.234963 0.028938692
61.252422 0.028905727
61.26985 0.029123324
61.287392 0.029451816
61.304754 0.029470358
61.322178 0.029781522
61.339483 0.030249401
61.356816 0.030693416
61.374108 0.030927553
61.39147 0.031061659
61.408681 0.031130083
61.425766 0.031277919
61.442967 0.031134729
61.460205 0.030869065
61.477425 0.030790525
61.494543 0.030528442
61.511904 0.03027987
61.529252 0.029990637
61.546592 0.02962596
61.564216 0.029247573
61.581611 0.029192101
61.599113 0.029348197
61.616755 0.029445297
61.634347 0.029667115
61.651776 0.029947728
61.669252 0.030290289
61.686704 0.030455701
61.704243 0.030372802
61.721601 0.030273914
61.738934 0.030330835
61.75643 0.030383751
61.773709 0.030672113
61.791176 0.030460555
61.808431 0.030001662
61.825573 0.029874747
61.842816 0.029739122
61.859851 0.029701341
61.87698 0.029463545
61.894236 0.029432166
61.911313 0.029606894
61.9286 0.029596647
61.945889 0.029605375
61.963035 0.029765777
61.980138 0.029596199
61.997364 0.029715856
62.014542 0.030054316
62.03169 0.030066359
62.049037 0.029975933
62.066527 0.029972601
62.083894 0.030118809
62.101265 0.029653073
62.118718 0.029491778
62.135945 0.030016552
62.153228 0.030247638
62.170605 0.030286683
62.187993 0.030508083
62.20532 0.030594714
62.222643 0.030517049
62.240073 0.0307499
62.257455 0.031088544
62.274786 0.031192852
62.29209 0.031282863
62.309246 0.031705335
62.326476 0.032071888
62.34392 0.031397585
62.361349 0.030936501
62.378759 0.030945463
62.39626 0.030904234
62.413628 0.030834113
62.431029 0.030636288
62.448434 0.030369503
62.465712 0.030300088
62.483101 0.030590341
62.500511 0.030862366
62.518013 0.031135232
62.535412 0.031118506
62.552689 0.031549369
62.569998 0.031777476
62.587367 0.031683038
62.604552 0.03176751
62.621804 0.031704738
62.639203 0.031918174
62.656582 0.032158604
62.674028 0.032251782
62.691509 0.032218325
62.70902 0.031995016
62.726545 0.031883162
62.743909 0.032020215
62.761418 0.031832373
62.778804 0.031865078
62.796064 0.031750201
62.813566 0.031616607
62.831068 0.031605859
62.848437 0.031627228
62.865809 0.031712574
62.883202 0.031512671
62.900367 0.031288797
62.917544 0.031572289
62.934671 0.031796477
62.95198 0.032050344
62.969161 0.032295549
62.986373 0.032344933
63.003741 0.032382869
63.021138 0.032451892
63.038377 0.032465964
63.055563 0.032415599
63.07256 0.032399956
63.089527 0.032384868
63.106712 0.032496986
63.12383 0.032287067
63.140953 0.031901202
63.158125 0.031535279
63.175229 0.031390275
63.19234 0.03141741
63.209364 0.031700649
63.226259 0.031695195
63.243352 0.031951068
63.260358 0.032049047
63.277348 0.031989176
63.294651 0.03180155
63.311905 0.032085653
63.329194 0.032170084
63.346461 0.032159399
63.363623 0.032129047
63.381053 0.03228899
63.39836 0.032305493
63.415604 0.032069125
63.432683 0.032143525
63.449969 0.032043601
63.467348 0.031965473
63.484978 0.031730888
63.502241 0.032412438
63.519388 0.032180852
63.5366 0.032401864
63.55387 0.032680169
63.57118 0.032495998
63.588282 0.032374768
63.60542 0.032481892
63.62265 0.032780756
63.640144 0.03276069
63.657303 0.032737152
63.674686 0.032791974
63.691884 0.032984723
63.709121 0.032788945
63.726444 0.032761638
63.743685 0.032608648
63.760988 0.032998105
63.77828 0.0333009
63.795505 0.03336865
63.813045 0.033120601
63.830278 0.032808299
63.847461 0.032660676
63.864858 0.03254395
63.882098 0.032712354
63.899623 0.032708663
63.916957 0.032512656
63.934311 0.032540297
63.951848 0.032473498
63.969142 0.031925183
63.986627 0.031932763
64.00415 0.031644745
64.021389 0.031748479
64.038788 0.031673788
64.056162 0.031620827
64.07355 0.03197225
64.09084 0.031923312
64.107953 0.032084673
64.125238 0.032382106
64.142678 0.032570883
64.159882 0.032712464
64.17704 0.03271589
64.194396 0.032586473
64.211658 0.032739868
64.229052 0.032745623
64.246622 0.03294659
64.264001 0.03298627
64.281444 0.03284843
64.299001 0.032739177
64.316603 0.032390594
64.334041 0.032216868
64.351299 0.03183533
64.368649 0.031676446
64.386176 0.031616793
64.403274 0.031376845
64.420432 0.031577203
64.437588 0.031466253
64.454762 0.031583838
64.472026 0.031597982
64.489088 0.031476407
64.506173 0.031680574
64.523212 0.032035584
64.54045 0.031964727
64.557591 0.032155567
64.57474 0.032161514
64.592051 0.032344029
64.609452 0.032748083
64.626715 0.032735112
64.643864 0.032986127
64.660992 0.032886028
64.67818 0.033057209
64.695392 0.033078159
64.71251 0.032772936
64.729651 0.032916439
64.746894 0.033007972
64.764205 0.032847109
64.78156 0.032583841
64.798822 0.03258344
64.815962 0.032513697
64.833561 0.032587884
64.851051 0.032461264
64.868526 0.032537765
64.885975 0.032738927
64.90332 0.032676497
64.920802 0.032720527
64.93832 0.032472801
64.955718 0.032343817
64.973382 0.032701655
64.990814 0.032911569
65.008183 0.032759601
65.02573 0.032764782
65.043056 0.032810507
65.060564 0.03288154
65.077991 0.032742942
65.095321 0.032470051
65.112761 0.032588466
65.129935 0.032913574
65.146784 0.032946935
65.16375 0.032885901
65.180535 0.032797107
65.197447 0.032642329
65.214464 0.032663648
65.231309 0.032562584
65.24828 0.032411484
65.2652 0.032429016
65.282254 0.032514835
65.299264 0.032367571
65.31632 0.032482948
65.333546 0.032200088
65.351135 0.032102955
65.368491 0.032448917
65.385794 0.032452415
65.403189 0.032774434
65.420511 0.032704163
65.437985 0.032665882
65.455306 0.032487011
65.472643 0.032565519
65.489858 0.032392722
65.507269 0.032510717
65.524719 0.032427032
65.54228 0.032508627
65.55971 0.032702543
65.577093 0.032598238
65.594523 0.032621577
65.612016 0.032440213
65.629393 0.032569794
65.646686 0.032705637
65.663994 0.032853807
65.68136 0.032580066
65.698669 0.032804697
65.716011 0.032763387
65.733263 0.032603099
65.750319 0.032376495
65.767581 0.032126035
65.784986 0.032038132
65.802162 0.031912566
65.819306 0.0320494
65.83663 0.032084296
65.854005 0.032368975
65.871403 0.032519291
65.888794 0.032697019
65.90625 0.032275093
65.92364 0.03227617
65.940999 0.032379677
65.958443 0.032487341
65.975741 0.032528752
65.993058 0.03243163
66.010729 0.032493602
66.028147 0.032545966
66.045435 0.032562734
66.062752 0.032475373
66.080054 0.032435091
66.097341 0.03242089
66.114631 0.0326735
66.131819 0.032631662
66.14914 0.032573905
66.166453 0.032656509
66.18378 0.032599365
66.201036 0.032654029
66.218269 0.032742448
66.235552 0.032788573
66.25306 0.032969476
66.270404 0.032609426
66.287816 0.032492799
66.305214 0.032333282
66.322516 0.032303566
66.339923 0.032482761
66.357277 0.032493492
66.374607 0.032310929
66.391957 0.032275844
66.409321 0.032255995
66.426522 0.032118257
66.443863 0.031838825
66.460861 0.031568274
66.478099 0.031655048
66.495333 0.031871332
66.512523 0.032189521
66.529934 0.032183248
66.547251 0.032101868
66.564543 0.03198815
66.581784 0.032019054
66.599053 0.032045746
66.616179 0.032094378
66.633478 0.031991599
66.650588 0.032004925
66.667963 0.031785509
66.685167 0.031675918
66.702442 0.031357825
66.719725 0.03089371
66.73682 0.030860753
66.754157 0.031034108
66.771394 0.031241132
66.788705 0.03110276
66.80591 0.030873821
66.823289 0.030603461
66.840377 0.030070178
66.857763 0.029863398
66.8751 0.029854318
66.892412 0.029651892
66.909584 0.029468558
66.926713 0.029435171
66.943945 0.02932852
66.961164 0.029084002
66.978503 0.028859885
66.995717 0.029007462
67.013038 0.029069919
67.030464 0.029101168
67.047771 0.02971835
67.065058 0.029823382
67.082176 0.029981382
67.099326 0.030194291
67.116563 0.030212275
67.133771 0.030385754
67.150837 0.03019428
67.167908 0.030102647
67.184812 0.030241085
67.20173 0.030149724
67.218445 0.030171031
67.235088 0.030090165
67.252147 0.029625294
67.269216 0.029540457
67.286357 0.029244082
67.303417 0.029063167
67.320535 0.029001163
67.337791 0.028988198
67.355053 0.029063095
67.372145 0.029199968
67.389336 0.029160345
67.406708 0.029434423
67.424306 0.029407947
67.441832 0.029250269
67.459327 0.029545992
67.476665 0.029797205
67.494123 0.029831711
67.51162 0.029753347
67.528858 0.02974851
67.546054 0.029642658
67.563411 0.029842686
67.580726 0.029928694
67.5981 0.029787606
67.615313 0.029424879
67.632527 0.029511806
67.649836 0.029714031
67.667051 0.029326225
67.684191 0.028993127
67.701203 0.029067692
67.718259 0.029028579
67.73549 0.028848849
67.752579 0.028604242
67.76966 0.028547942
67.786769 0.028208336
67.803964 0.027898659
67.821235 0.027500519
67.838368 0.027262667
67.855359 0.026915956
67.872416 0.0265484
67.889749 0.026397067
67.907162 0.026219405
67.924347 0.02611858
67.941585 0.026411391
67.958924 0.026544675
67.976112 0.026186765
67.993528 0.026182188
68.010902 0.026673593
68.028164 0.026889301
68.045497 0.026857317
68.062837 0.026799191
68.080091 0.027044369
68.097285 0.026709849
68.114503 0.026659838
68.131927 0.026829271
68.149287 0.026762848
68.166535 0.026590743
68.184065 0.026776957
68.201384 0.026912721
68.218614 0.026751685
68.235874 0.026923375
68.253264 0.026737583
68.270774 0.02684092
68.288214 0.027062174
68.305505 0.027401356
68.322705 0.027325673
68.339958 0.027213578
68.357127 0.027207887
68.374501 0.027158524
68.39167 0.026864993
68.408946 0.02626208
68.4262 0.025998914
68.443656 0.025719935
68.460863 0.025679143
68.47804 0.025408799
68.495358 0.025042335
68.512618 0.02480526
68.529838 0.024411254
68.547153 0.024091386
68.564564 0.023537686
68.58186 0.023460237
68.599309 0.023383086
68.616647 0.023402337
68.634035 0.022846021
68.651253 0.022549909
68.66854 0.022478942
68.685895 0.022292076
68.703162 0.022113487
68.720658 0.022169996
68.73814 0.022595535
68.755716 0.022831122
68.77326 0.023050063
68.790926 0.022931085
68.808492 0.022766929
68.825885 0.022815892
68.843309 0.023120556
68.860834 0.023202513
68.878267 0.023322602
68.895631 0.023538683
68.913119 0.023619901
68.930372 0.023127971
68.947759 0.023097545
68.964917 0.02293221
68.982058 0.022989805
68.999184 0.023153402
69.016192 0.023230209
69.033501 0.023215659
69.050624 0.022933812
69.067794 0.022586248
69.085012 0.022266998
69.102244 0.022076809
69.119418 0.02192704
69.136679 0.022040009
69.153966 0.021514473
69.171289 0.021286797
69.188535 0.021222844
69.205703 0.021122581
69.223083 0.020997607
69.240177 0.020719728
69.257522 0.020697551
69.274736 0.020729135
69.29191 0.020689801
69.308848 0.020528421
69.32578 0.020296376
69.342864 0.020216408
69.359627 0.020465328
69.376491 0.020570473
69.393525 0.020549337
69.410487 0.019945137
69.42759 0.019622591
69.444834 0.019763685
69.461782 0.01963461
69.478806 0.019539827
69.495903 0.019666222
69.513412 0.019502014
69.530892 0.019716276
69.548195 0.019911678
69.56573 0.019733953
69.583104 0.019497949
69.600373 0.018898691
69.617836 0.018972923
69.635043 0.019008482
69.651958 0.019073099
69.66944 0.019073568
69.68683 0.018983254
69.704219 0.018675417
69.721573 0.018963843
69.738801 0.018888283
69.756124 0.018409633
69.773451 0.017851641
69.790814 0.017800445
69.808241 0.017958038
69.825638 0.018032071
69.842974 0.017840443
69.860773 0.017215768
69.878127 0.017176787
69.895496 0.017039845
69.912833 0.016649276
69.930001 0.016443232
69.947201 0.016419837
69.964534 0.016669656
69.981805 0.016554792
69.999064 0.016080013
70.016104 0.015809022
70.033167 0.015630362
70.050352 0.015786515
70.067413 0.016052818
70.08471 0.015889932
70.101712 0.01603519
70.11889 0.016059144
70.136073 0.015952781
70.15349 0.015645124
70.170691 0.015142401
70.187773 0.015432021
70.204935 0.01575895
70.222259 0.01594804
70.239532 0.015921849
70.256793 0.015625739
70.274046 0.015164849
70.290877 0.015052774
70.308227 0.014408266
70.325384 0.013985546
70.342445 0.013380997
70.359593 0.013112973
70.376685 0.01318851
70.394014 0.012877758
70.411274 0.012577109
70.428601 0.01252827
70.445932 0.012235059
70.463191 0.012148851
70.480405 0.012202585
70.497886 0.011957009
70.515305 0.012350778
70.532717 0.012733786
70.550292 0.012708876
70.567432 0.012879504
70.584782 0.013119829
70.602087 0.013033095
70.619351 0.012993443
70.636611 0.012671139
70.653711 0.012713854
70.670908 0.012651376
70.688059 0.012907817
70.705251 0.013253147
70.722369 0.013247445
70.739606 0.013141284
70.756806 0.01345035
70.774135 0.012997283
70.791159 0.012496343
70.808313 0.012674306
70.825579 0.01243155
70.842674 0.012235486
70.859992 0.012002454
70.877227 0.011954093
70.894611 0.011545242
70.911823 0.01107906
70.929054 0.010857998
70.946412 0.010848691
70.963721 0.010604207
70.981063 0.010772304
70.998615 0.010928923
71.016084 0.010729215
71.033543 0.010730633
71.051018 0.010558048
71.068601 0.010629537
71.086178 0.010380278
71.103565 0.010081127
71.121132 0.010197445
71.13864 0.010211249
71.15587 0.0099632513
71.173124 0.0099305242
71.190547 0.0098558844
71.207868 0.0098773168
71.225043 0.0099093706
71.242278 0.0099668866
71.259637 0.010044978
71.276827 0.0096949401
71.293941 0.0095558611
71.311051 0.0097361256
71.328122 0.0095945785
71.345151 0.0091891244
71.362128 0.0091864371
71.378942 0.0089528692
71.39557 0.0086136791
71.412414 0.0081940846
71.429256 0.0081219134
71.446046 0.0082405262
71.462826 0.0082493029
71.479633 0.0085594545
71.496542 0.0088574297
71.513593 0.008632525
71.530619 0.0083892784
71.547622 0.0082117569
71.564716 0.0080576747
71.581978 0.0084835277
71.59934 0.0089120899
71.616466 0.0088964413
71.633744 0.00862619
71.651177 0.0081464185
71.66842 0.0077589421
71.685658 0.0074057621
71.70288 0.006878523
71.720105 0.0069458393
71.737262 0.0072094206
71.754616 0.0074478108
71.772031 0.0070886134
71.789549 0.0064601727
71.806982 0.0061594394
71.824588 0.0061587005
71.84213 0.0060803413
71.859606 0.0060783034
71.877138 0.006329496
71.89445 0.0066900921
71.911826 0.0071021803
71.929168 0.0069886281
71.946714 0.0066060226
71.964254 0.0067316586
71.98173 0.0072876919
71.998977 0.0075828865
72.016262 0.0076447377
72.03357 0.007246766
72.050772 0.0071118831
72.067846 0.0072674025
72.084981 0.0068583105
72.102288 0.006465106
72.119518 0.0060129172
72.136827 0.0058676675
72.153885 0.0059679599
72.170952 0.0058619951
72.188253 0.0057168411
72.2056 0.0052175745
72.222865 0.0052461772
72.240013 0.0055155606
72.257121 0.005409145
72.274309 0.0049276848
72.291525 0.0048435483
72.308718 0.0047611417
72.325803 0.0049818181
72.343001 0.0050464674
72.360332 0.0048837003
72.377447 0.0044416619
72.394417 0.003820576
72.411544 0.0038628188
72.428595 0.0034591591
72.445913 0.0030942156
72.463441 0.0029832004
72.480396 0.0032589197
72.497629 0.0031096739
72.51499 0.0028748146
72.532462 0.0028408059
72.549755 0.0028377213
72.567184 0.0027832518
72.584583 0.0028862914
72.601948 0.0030207202
72.619344 0.003480531
72.636799 0.0038175768
72.654033 0.0043292987
72.671266 0.004480431
72.68898 0.0039996657
72.70633 0.0043112263
72.723588 0.0044684215
72.740836 0.0042467515
72.75811 0.0040233096
72.775099 0.0041006643
72.792362 0.0038297728
72.809655 0.0039442264
72.826822 0.0035713076
72.844089 0.0032038511
72.861412 0.0027575201
72.878705 0.0026357183
72.895978 0.0028447494
72.913454 0.0026503181
72.930741 0.0028366346
72.948095 0.0030373951
72.965495 0.003184964
72.982935 0.0032461567
73.000253 0.0034901268
73.017595 0.0035462455
73.034853 0.0036522891
73.052213 0.0038908075
73.069454 0.0042282132
73.086714 0.0043326203
73.103772 0.004452464
73.120942 0.0045930784
73.138222 0.0046973932
73.155325 0.0045539026
73.172338 0.0042541961
73.189451 0.0039168938
73.20649 0.0036368526
73.223742 0.0035965374
73.240972 0.0037680096
73.258054 0.0037135664
73.275318 0.0035959148
73.292242 0.003646722
73.309643 0.0037249645
73.326874 0.0034326553
73.344161 0.0032264197
73.361548 0.003127537
73.378881 0.0032375046
73.396266 0.0033684167
73.413561 0.0036971348
73.430654 0.003617411
73.447682 0.0033182442
73.464668 0.0032893079
73.481633 0.0032162146
73.498811 0.00283674
73.515717 0.0024708398
73.532645 0.0026300318
73.549748 0.0024627279
73.566827 0.0023951764
73.583887 0.0023675235
73.600799 0.0023330621
73.617775 0.0020518952
73.634818 0.0020341026
73.65196 0.001831595
73.669199 0.0015553053
73.686566 0.0012691103
73.704049 0.0011696549
73.721378 0.001091226
73.738774 0.0010761355
73.755846 0.00086524967
73.773216 0.00091128102
73.790527 0.0010090641
73.807818 0.0010607109
73.825312 0.0010225403
73.842669 0.00082691232
73.860106 0.00092797326
73.877561 0.00091896513
73.894716 0.0007289205
73.911859 0.00098897947
73.929158 0.00099886902
73.946354 0.001010297
73.963644 0.0013288021
73.980618 0.0010658824
73.997916 0.00065848822
74.015322 0.00047354717
74.03249 0.00056638392
74.049599 0.00052701609
74.066937 0.0004574756
74.084078 0.00034588228
74.101387 0.00060940358
74.118648 0.00041002483
74.135805 0.00036519758
74.153013 0.00027022643
74.17029 0.00024660465
74.187855 0.00048937869
74.205052 0.00080141044
74.222107 0.00072196783
74.239376 0.0008178698
74.256677 0.00076208893
74.273892 0.00089138006
74.291226 0.0008133778
74.308427 0.00056816305
74.325684 0.00068292361
74.343064 0.00063148644
74.360343 0.00053272143
74.377582 -3.6971688e-006
74.394623 -0.00025007058
74.411796 -0.00061439786
74.429127 -0.0010159848
74.446281 -0.0014449424
74.463468 -0.0016035581
74.480837 -0.0022097989
74.498254 -0.0020163077
74.515557 -0.0020344662
74.532878 -0.0022797007
74.550165 -0.0022864143
74.567497 -0.0025084764
74.584803 -0.0024488004
74.602203 -0.0024951604
74.619597 -0.002236248
74.63718 -0.0018148372
74.654777 -0.0017886298
74.672353 -0.0020455622
74.689649 -0.0018945462
74.706926 -0.0023465951
74.724325 -0.0023239517
74.741661 -0.0021965483
74.758941 -0.0021011925
74.77611 -0.0020103379
74.793284 -0.0019458993
74.810516 -0.0018064738
74.827848 -0.0018609562
74.845205 -0.0019363362
74.862646 -0.0013730599
74.88011 -0.00087774184
74.89753 -0.00060014661
74.91485 -0.0003677411
74.932176 -0.00019273328
74.94975 -0.00030577971
74.967274 -0.0004737059
74.984925 -0.00052987834
75.002585 -0.00054739061
75.020085 -0.0006896512
75.037616 -0.0010116684
75.054948 -0.0011874292
75.072178 -0.0015453932
75.089446 -0.0017289165
75.106678 -0.0018749207
75.123785 -0.0020097063
75.140933 -0.0020559682
75.157926 -0.0020677724
75.175131 -0.0020006358
75.192282 -0.001727432
75.209428 -0.0015778943
75.226475 -0.0017324382
75.243514 -0.0016727174
75.26045 -0.001505167
75.277488 -0.0015095264
75.294565 -0.0014484162
75.311575 -0.0013335478
75.328834 -0.0011568505
75.346136 -0.0011765976
75.363334 -0.0012865346
75.380324 -0.0015812955
75.397371 -0.001740131
75.4146 -0.0022028753
75.431974 -0.0023124823
75.449172 -0.0024460864
75.466568 -0.0023952199
75.483802 -0.0026399865
75.500932 -0.0030649085
75.518088 -0.0030957028
75.535111 -0.0029133694
75.551961 -0.0031759004
75.56889 -0.0030189576
75.585916 -0.0026610966
75.602787 -0.0026486323
75.619636 -0.0020772255
75.636487 -0.0015092745
75.65354 -0.0012137917
75.67036 -0.0014356288
75.687214 -0.0014371224
75.704204 -0.0013677406
75.721263 -0.0014731578
75.738372 -0.0015678504
75.755583 -0.0013835352
75.772596 -0.0016846381
75.789723 -0.0020314358
75.807088 -0.0021658797
75.82432 -0.0021951299
75.841389 -0.0024509116
75.858525 -0.0025265576
75.875677 -0.002651325
75.893047 -0.0026092626
75.910295 -0.002256714
75.927385 -0.0026395477
75.944542 -0.0027542534
75.961663 -0.0025143491
75.979051 -0.0025704484
75.996368 -0.0025737995
76.013483 -0.0024795791
76.0305 -0.002856244
76.047685 -0.0027473354
76.064699 -0.0029540766
76.082033 -0.0029785763
76.099162 -0.0027535442
76.116229 -0.0028525114
76.133506 -0.0025049169
76.150923 -0.0025644633
76.168357 -0.0027321189
76.185605 -0.0024757583
76.20291 -0.002461537
76.220295 -0.0024559086
76.237821 -0.00235842
76.255316 -0.0026181921
76.27286 -0.0023363124
76.290046 -0.0020764838
76.307264 -0.0020843911
76.324501 -0.0019713453
76.34173 -0.0020289881
76.358886 -0.0020158597
76.376237 -0.0021966045
76.393501 -0.0022809103
76.410724 -0.0020166817
76.427979 -0.0020291913
76.445231 -0.0021342661
76.462332 -0.0018403893
76.479471 -0.0017761028
76.496803 -0.0016557682
76.514081 -0.0017181954
76.531408 -0.0016579656
76.548777 -0.0012972457
76.566085 -0.00087844591
76.583148 -0.00089785566
76.600512 -0.00080772183
76.617578 -0.00057801934
76.634908 -0.00046664904
76.652118 -0.00027355389
76.669405 -0.00043515126
76.686764 -0.00046856247
76.703904 -0.00052952923
76.721051 -0.0004078066
76.738201 -0.00022748653
76.755338 -0.00023193734
76.7727 -0.00031767332
76.790073 5.4363253e-005
76.807315 0.00031690868
76.824798 0.00063051505
76.842068 0.00069875335
76.859442 0.00065190234
76.876756 0.00054020303
76.893934 0.00060092496
76.911147 0.00088998272
76.928545 0.0010417937
76.946131 0.0012034124
76.963539 0.0012865016
76.980853 0.0012009851
76.998178 0.0011552536
77.015471 0.0012933329
77.032825 0.0009883317
77.049983 0.0010884365
77.06709 0.001273938
77.084346 0.0017193521
77.101532 0.0017927349
77.118898 0.0017747182
77.136224 0.0017603447
77.153421 0.0018106206
77.170642 0.0020459882
77.187806 0.0020946324
77.205125 0.0021143016
77.222399 0.001993516
77.239538 0.0019522716
77.256812 0.0021645993
77.274163 0.0022671985
77.291508 0.0022112183
77.308762 0.002291772
77.326076 0.0024092189
77.343382 0.0024850484
77.360628 0.002222111
77.377884 0.0021729606
77.395151 0.00241362
77.412346 0.0024232581
77.429569 0.0023650858
77.446878 0.0026313791
77.464211 0.0025007697
77.481542 0.0026166859
77.498739 0.0027292329
77.516247 0.0027001752
77.533618 0.0027196832
77.550915 0.0025751463
77.568183 0.0028475541
77.58548 0.0024611758
77.602584 0.002157172
77.619484 0.0021663185
77.636438 0.0023352421
77.653439 0.0022607883
77.670314 0.0025702008
77.687126 0.0024508555
77.704047 0.0025234829
77.720717 0.002643289
77.737478 0.0026256829
77.754341 0.0029018973
77.771277 0.0028053012
77.788293 0.0032160417
77.80547 0.0035028578
77.822682 0.0038980314
77.839801 0.0038728132
77.856895 0.0038326695
77.87412 0.0035779462
77.891311 0.0033421042
77.908559 0.003059093
77.926035 0.0030045627
77.943419 0.0029466718
77.960719 0.0026955985
77.978014 0.0026550322
77.995313 0.0025681663
78.012626 0.0021322145
78.030068 0.0018656183
78.047594 0.0017004169
78.06507 0.0015647679
78.082442 0.0013035338
78.099783 0.0013962661
78.117258 0.0016404526
78.134486 0.0017040494
78.151814 0.0017013863
78.169017 0.001682722
78.186293 0.0016372302
78.20349 0.0014137144
78.220471 0.0015183059
78.237606 0.0015487778
78.254781 0.0018027344
78.271965 0.0017935261
78.289269 0.0018684746
78.306505 0.0021826478
78.32359 0.0019603195
78.340738 0.0015479618
78.357872 0.0011729689
78.375175 0.0011471509
78.392366 0.0015276585
78.409713 0.0017600655
78.427329 0.0019177089
78.444737 0.0018786879
78.462092 0.0015302262
78.479328 0.0011999634
78.496518 0.001076417
78.513992 0.00052940579
78.53133 0.00027925061
78.548751 0.00044947493
78.566229 0.00066654052
78.583114 0.00076607369
78.600235 0.00025414905
78.617437 -3.242775e-005
78.634443 -0.00024034281
78.651483 -0.00062386861
78.668742 -0.000590216
78.686196 -0.00025488615
78.703612 1.0348484e-005
78.720858 0.00011979553
78.738255 8.4017576e-005
78.755566 -0.00010682435
78.772616 -0.00040428925
78.790201 -0.00078315726
78.807692 -0.00067524804
78.82499 -0.00061756645
78.842324 -0.00030245064
78.85964 -0.00011599599
78.87669 0.00011877316
78.893681 0.00017606485
78.910648 0.00026859225
78.927626 0.00030506629
78.944556 0.00054729618
78.961544 0.00046342638
78.978727 0.00021821996
78.995635 0.00015819511
79.01265 -0.00029393858
79.029594 -0.00043876682
79.046623 -0.00065914682
79.063722 -0.00070738196
79.080847 -0.00084335697
79.098187 -0.00074827846
79.115395 -0.0011681118
79.132635 -0.001099563
79.149955 -0.0012376703
79.167219 -0.001133156
79.184504 -0.00085447598
79.201976 -0.00073531291
79.219291 -0.00042853973
79.236654 -0.00040405807
79.253854 -0.00081807377
79.271146 -0.00097349815
79.288541 -0.0012581139
79.305585 -0.001613954
79.322886 -0.0015009157
79.340291 -0.0015720466
79.357507 -0.0016201651
79.374763 -0.0011957183
79.391967 -0.0010305295
79.409092 -0.00094212938
79.426261 -0.00093307719
79.443537 -0.0010401258
79.461009 -0.00059251691
79.478334 -0.000682034
79.495647 -0.00043600296
79.512979 -0.0004408091
79.530262 -0.00063079207
79.547385 -0.0006861359
79.564636 -0.00050515847
79.581886 -0.00053940191
79.599102 -0.00088351321
79.616532 -0.00098461128
79.633754 -0.0011489958
79.650944 -0.0012081999
79.668078 -0.0014056913
79.685065 -0.0012502515
79.701875 -0.001159462
79.718872 -0.0010841794
79.735837 -0.00089069788
79.75302 -0.0011121185
79.77009 -0.0013459239
79.787212 -0.0018538805
79.804125 -0.0018710908
79.821078 -0.0019886799
79.838132 -0.0021964549
79.855247 -0.0024321972
79.872363 -0.0028710771
79.889632 -0.0032661268

