40.013496 0.00062243198
40.030971 0.0004970117
40.048497 0.00027964863
40.066075 0.0003883889
40.083292 0.00081523287
40.100742 0.00071795463
40.118228 0.00057200963
40.135537 0.00072209817
40.153078 0.0011389995
40.170696 0.0010712116
40.188185 0.00097278482
40.205655 0.00046103767
40.223019 0.00062277636
40.240695 0.00050316179
40.258261 0.00049583831
40.275927 0.0003279295
40.293653 9.450411e-005
40.31126 0.00016294593
40.328903 -6.528058e-005
40.346522 -0.00021506104
40.363703 -0.00063728607
40.380964 -0.00060504573
40.398262 -0.00054340847
40.415671 -0.00019982453
40.433116 0.00016110266
40.450163 8.6564932e-005
40.467338 1.0795771e-005
40.484516 6.8006171e-006
40.501721 0.00028772952
40.519044 0.00038593687
40.536355 0.00048619767
40.553633 0.00055550978
40.571052 0.00058519239
40.588405 0.00069934903
40.605896 0.00066772606
40.623094 0.00044474486
40.640429 -4.0060581e-005
40.658082 -4.7066535e-005
40.675381 -6.5323024e-005
40.692732 4.9537049e-005
40.710422 -0.0003798205
40.727944 -0.00024555024
40.745357 -6.5833094e-005
40.762923 0.0001787998
40.780434 0.00018445179
40.797959 -0.00018759371
40.815403 -0.00044884875
40.832893 -0.00063727746
40.850363 -0.00041701372
40.867899 -0.00054697555
40.885691 -0.00089415667
40.903339 -0.00082253009
40.920648 -0.00064432413
40.938081 -0.00092259138
40.955529 -0.0010394978
40.972894 -0.0012346801
40.990354 -0.0010627136
41.007824 -0.00053362122
41.025247 -4.9096103e-005
41.043003 0.00041881565
41.060464 0.00031544313
41.077749 0.00036642136
41.095057 0.00069515014
41.11246 0.00079602465
41.129922 0.00083934343
41.147311 0.00098788429
41.164867 0.00085295674
41.18248 0.00067737325
41.200067 0.00045722544
41.217766 0.00021700785
41.235324 6.4818135e-005
41.252791 -0.00029298428
41.270397 -0.0001555864
41.287912 1.1202575e-005
41.305587 -0.00020982718
41.323106 -0.00039651322
41.340505 -0.00046715689
41.358062 -0.00071671453
41.375364 -0.00021955254
41.392765 0.00015293087
41.410248 0.00022193505
41.427521 9.9785587e-005
41.444834 0.00018019501
41.462105 0.00047632603
41.479334 0.0002311819
41.496832 0.00014330396
41.51407 0.00028295949
41.531421 0.0003495864
41.548823 0.00015128472
41.566235 0.00013713904
41.58377 -0.00039857795
41.601183 -0.00083629836
41.618513 -0.00085419647
41.635889 -0.00077825502
41.653374 -0.00099654051
41.670994 -0.0012288469
41.68868 -0.00093839242
41.706106 -0.00082934931
41.723502 -0.0010020043
41.740994 -0.00089049607
41.758478 -0.00063066264
41.776084 -0.00075046228
41.793617 -0.00076295747
41.811083 -0.00056086489
41.828616 -5.3960811e-005
41.846321 0.00012362383
41.863883 0.00037227198
41.881323 0.00058796552
41.898664 0.00032077749
41.916091 0.00015128451
41.933694 0.00043865125
41.9512 0.00020823138
41.968785 1.7561891e-007
41.986074 0.00017113297
42.003562 -7.9989715e-005
42.020948 -0.00026911614
42.038381 -0.00063235473
42.055804 -0.00081234005
42.073203 -0.0011137172
42.09053 -0.0010197
42.107795 -0.00068782248
42.125197 -0.00042990069
42.142713 -0.00051200095
42.159824 -5.3514769e-008
42.177213 0.00025843704
42.194541 0.00050984132
42.211818 0.00044062362
42.229401 0.00044722227
42.246789 0.0007095673
42.264047 0.0006146591
42.281542 0.0006933828
42.298984 0.00019339574
42.316641 -0.0001639819
42.334127 -0.00029049316
42.351454 -0.00014857806
42.369172 -0.00055797688
42.386668 -0.0005848413
42.404071 -0.00068224154
42.421494 -0.00030298965
42.438625 -0.0004503911
42.455993 -0.00091418478
42.473244 -0.00085560108
42.490441 -0.00079974815
42.507658 -0.00036723424
42.525031 0.00010216617
42.542297 0.00018041168
42.559673 -0.0001635651
42.577005 -0.00024981095
42.594252 -0.0002291975
42.611783 -0.00037885594
42.629168 -0.00046744376
42.646818 -0.00043018201
42.664269 -0.00020226709
42.681831 1.44602e-005
42.699193 0.00023280507
42.716827 9.7307315e-005
42.734161 1.7872438e-005
42.751656 7.5294476e-006
42.769063 0.00027892481
42.786399 0.00022183758
42.80374 5.5732872e-005
42.821108 -5.0387085e-005
42.83848 -0.00011256951
42.855721 -0.00013195649
42.873034 -0.00035730779
42.890475 -0.00062707912
42.908034 -0.0010777297
42.925358 -0.0010873059
42.942879 -0.0010171707
42.960393 -0.0010135968
42.977832 -0.00085467057
42.995395 -0.00075235541
43.012997 -0.00074851272
43.030526 -0.00088122397
43.048092 -0.00069449696
43.065689 -0.00037760444
43.083278 -0.00043831448
43.100894 -0.00049204016
43.118395 -0.00020421372
43.135935 -0.00028985637
43.153405 -0.00047890316
43.170916 -0.00041632725
43.188524 -0.00026159599
43.206087 -0.00031613493
43.223505 -5.2463025e-005
43.240962 1.3743346e-005
43.258496 -3.5799439e-005
43.276038 -1.5210805e-005
43.293497 1.939986e-005
43.310931 -6.0344791e-005
43.328519 -0.00035136356
43.345967 -0.00015892814
43.36344 -0.00036258907
43.380778 -0.00066756234
43.398194 -0.0011202388
43.415599 -0.00090963229
43.433073 -0.0010161368
43.450539 -0.00059922296
43.467831 -0.00071536558
43.485214 -0.00082162643
43.502518 -0.00063765997
43.5198 -0.00031989772
43.537074 -0.00016570838
43.554362 -0.00035010158
43.571841 -0.00015311904
43.589459 4.0895497e-005
43.606953 1.1932758e-007
43.624333 0.00015500695
43.641908 8.9440994e-005
43.659294 -2.082649e-005
43.676806 0.00021035166
43.694163 0.0002983615
43.711792 0.00042936602
43.729322 0.00032471617
43.746925 0.00047512858
43.76461 0.00058400471
43.781945 0.00039898208
43.799185 0.0005784987
43.816505 0.00041639714
43.834051 3.5213128e-005
43.851459 -4.4356373e-005
43.868978 -0.00011616144
43.88643 -3.5169943e-005
43.904119 5.6220035e-005
43.921381 0.00016630568
43.938688 0.00018420563
43.955966 -0.00018038877
43.973231 -0.00036576091
43.990781 -8.1596269e-005
44.008347 -5.3918785e-005
44.025902 0.000166066
44.043246 0.00016343074
44.060675 0.00022539383
44.078146 0.00012603439
44.095662 -6.8514569e-005
44.112957 -0.00025711669
44.130525 -0.00052673865
44.148172 -0.00060503647
44.165704 -0.00037165742
44.18328 -0.00024651326
44.200629 -0.00041767546
44.217914 -0.00060687754
44.235243 -0.00058030875
44.252693 -0.00019454279
44.270037 -0.00010268397
44.287324 7.7451584e-005
44.304812 2.3410906e-006
44.322099 0.00020510363
44.339311 0.00043634748
44.356641 0.00073465331
44.374064 0.00073690705
44.391325 0.00046177853
44.408764 0.00038437359
44.426442 0.00077139559
44.443888 0.00069792943
44.461317 0.00055552481
44.478494 0.00067075589
44.495731 0.00053747126
44.512756 0.00056560658
44.530085 0.00047104787
44.547563 0.00031891532
44.564751 5.4749083e-005
44.581922 0.00016265474
44.599162 0.00028044298
44.616672 0.0001220141
44.633636 -6.6770293e-005
44.650836 -0.00012427574
44.667971 -0.00032283046
44.685409 -0.00048414875
44.702737 -0.00031250943
44.720139 4.5229227e-005
44.737432 -7.0026313e-005
44.754839 -0.00023941393
44.772349 -0.00024842269
44.789632 -0.00035463715
44.807078 9.717938e-005
44.824135 0.00046864172
44.841582 0.0004991613
44.85895 0.0010100214
44.876446 0.0013023616
44.893861 0.0014629557
44.911508 0.0014386159
44.928983 0.0014835156
44.946549 0.0016712588
44.963886 0.0018227343
44.98126 0.0021186747
44.998855 0.0021301885
45.016326 0.0019580687
45.033933 0.0018047729
45.051545 0.001648528
45.069078 0.0012676357
45.086499 0.0010656459
45.103849 0.00081936703
45.121241 0.00065777391
45.138752 0.00050625349
45.156298 0.00070610811
45.173828 0.00083309449
45.191287 0.00067579538
45.20886 0.0007353454
45.226392 0.00080892986
45.243784 0.0008442004
45.261246 0.00080438666
45.27873 0.001237379
45.296275 0.0011148898
45.314041 0.0013159422
45.331642 0.0013855879
45.349155 0.0013132109
45.366506 0.00091056734
45.384103 0.00046655945
45.401468 0.0002592173
45.41883 2.7588835e-005
45.436309 -0.0004260647
45.45373 -0.00047641631
45.471141 -0.00043336058
45.488781 -0.00080342554
45.506205 -0.00054910956
45.523701 -0.0007527935
45.541079 -0.0009557982
45.558698 -0.001022404
45.576299 -0.00098795288
45.593777 -0.00084703876
45.611483 -0.00055130126
45.629004 -5.8811585e-005
45.646399 0.00035201582
45.663927 0.0007625095
45.681397 0.00074331656
45.69855 0.00076811845
45.716098 0.00050103795
45.733248 0.00050341816
45.750531 0.00064446522
45.767754 0.00065174697
45.785022 0.0011358503
45.802386 0.001259001
45.819748 0.00098491946
45.837165 0.00070309365
45.854745 0.00049623497
45.872181 0.00011694698
45.889626 0.00023490698
45.90723 0.00043965635
45.92466 0.00072167283
45.94221 0.001112777
45.959809 0.001629872
45.977256 0.0018551983
45.994774 0.0012714755
46.012168 0.0013532083
46.029618 0.0013232392
46.047093 0.0014562175
46.064426 0.0017588725
46.081734 0.0017503009
46.099066 0.0016076358
46.116268 0.0016151766
46.133521 0.0012988006
46.150929 0.0010790304
46.168351 0.00045073118
46.185806 0.00036472898
46.203243 0.00039280637
46.220613 0.00029583444
46.237935 0.00054364079
46.255241 0.00045361722
46.272523 0.00016741695
46.289914 0.0004948174
46.307375 0.00079012283
46.324952 0.00066432915
46.342388 0.00094127787
46.359876 0.0008703491
46.377191 0.0011937784
46.3947 0.0012414928
46.41209 0.0011329107
46.429581 0.0010225769
46.446984 0.00099929358
46.464406 0.00077670229
46.482 0.00091543517
46.499604 0.00086346748
46.517042 0.00050617276
46.534285 0.00016529866
46.551726 -7.8126149e-005
46.568937 -0.00021864269
46.586253 -0.00052273894
46.603357 -0.0010281417
46.620413 -0.0009227467
46.637421 -0.00089155256
46.654747 -0.0010097195
46.671838 -0.00087818088
46.688851 -0.0010811394
46.705994 -0.0012615966
46.723226 -0.0012323281
46.74069 -0.0011591522
46.758006 -0.0011135017
46.775304 -0.0010857537
46.792583 -0.00079695097
46.810191 -0.00044405576
46.827779 -0.00054115249
46.84533 -0.00039597471
46.862708 -0.00024739485
46.880411 -0.00027790492
46.897876 -0.00029781825
46.915435 -0.0004037982
46.932894 -0.00022521937
46.950485 -0.00010506802
46.967924 -2.1599841e-005
46.985426 0.00024346336
47.002855 0.00025125473
47.020168 0.00014292178
47.037486 0.00037368439
47.054812 0.00012267206
47.072123 -0.00016410644
47.089308 -0.00028743425
47.10703 -0.00018774007
47.124423 -0.00014334432
47.141834 -0.00043329261
47.159031 -0.00044857703
47.176487 -0.00026282452
47.193828 -0.0002141428
47.211318 -0.00051516442
47.22858 -0.00045711889
47.246101 -0.00043304324
47.263715 -0.00041308516
47.281312 -0.00050297861
47.298911 -0.00023590568
47.316185 -0.00027592971
47.333624 -0.0003969733
47.35081 -0.00040601121
47.368409 -0.00066440817
47.385765 -0.00096436787
47.403282 -0.0013355235
47.420872 -0.001195659
47.438388 -0.00070809114
47.455958 -0.0005063198
47.473292 -0.00033580077
47.490535 3.4697371e-005
47.507791 -0.0001603581
47.525063 -2.7838391e-005
47.542257 0.00010622174
47.5597 0.0001418575
47.576917 0.00042268241
47.594402 0.00038689508
47.611627 0.0006108413
47.628903 0.00042886508
47.646296 5.6796037e-005
47.663667 -0.00023132779
47.681254 -0.00015930247
47.69896 -0.00042828977
47.716515 -0.00033586338
47.734046 -0.00024657799
47.751602 -0.00037233349
47.769145 -0.00042075799
47.786476 -0.00043837464
47.803763 -0.00081098441
47.821458 -0.0011502317
47.838702 -0.0009139007
47.856179 -0.00089370263
47.873574 -0.00088412391
47.890833 -0.0010544737
47.908111 -0.001156117
47.925485 -0.0013737597
47.942922 -0.001599815
47.960304 -0.0016093307
47.977772 -0.0017702758
47.995226 -0.0017849275
48.012538 -0.0012907575
48.029956 -0.0012431621
48.047583 -0.0014657408
48.064968 -0.0016697701
48.082324 -0.0019521442
48.099875 -0.0018712931
48.117321 -0.0013300345
48.134666 -0.0011741954
48.152041 -0.0010481798
48.169524 -0.00088865754
48.187109 -0.00052688663
48.20461 -0.00037580802
48.222083 -0.00029002999
48.239464 -0.00050128286
48.256854 -0.00038725545
48.274321 -0.00028404677
48.291715 -0.00016105623
48.308934 -0.00020463252
48.326228 -0.00067111158
48.34364 -0.00063166113
48.361061 -0.00067592989
48.378577 -0.001029252
48.395898 -0.0012469887
48.41327 -0.0016786533
48.430742 -0.0018361587
48.448061 -0.0017782849
48.465377 -0.0020186394
48.482818 -0.0019917706
48.500175 -0.0017215806
48.517677 -0.0017523172
48.534991 -0.0016291595
48.552507 -0.0019015029
48.569996 -0.0021870972
48.587256 -0.0021205381
48.604364 -0.0019285451
48.621677 -0.001707927
48.638913 -0.0014956832
48.656135 -0.0012971326
48.673391 -0.00097223332
48.690603 -0.00080230261
48.707945 -0.00095094173
48.725085 -0.00079926613
48.742492 -0.00049533754
48.759817 9.6007541e-005
48.776953 0.00039122386
48.794293 0.00062101248
48.811944 0.00064191575
48.829527 0.00067182994
48.847111 0.00069268686
48.86467 0.0011653826
48.882214 0.0013303423
48.89967 0.0011004673
48.917192 0.0011022962
48.934797 0.0011125497
48.952295 0.00096916348
48.969638 0.00072110274
48.987116 0.00074167379
49.004384 0.00073523948
49.021518 0.00068902694
49.038649 0.0010275942
49.055794 0.0012796623
49.073058 0.0010016831
49.090513 0.00076470714
49.107749 0.00081935231
49.124915 0.00093893737
49.142361 0.00067629559
49.159718 0.0006257874
49.177097 0.00055711707
49.194349 0.00052397261
49.211874 0.00038829841
49.229211 0.00013056682
49.246698 -0.00010690649
49.26425 -0.00056272264
49.281579 -0.00064707465
49.298912 -0.00083935024
49.316346 -0.000994444
49.333805 -0.00078857356
49.350901 -0.00052415635
49.368161 -0.00059189066
49.385421 -0.00056371643
49.402905 -0.00054515913
49.420223 -0.00028071574
49.437728 -1.6456584e-005
49.455178 -0.00015761639
49.472697 7.3047979e-005
49.490276 0.00016915512
49.507741 0.00029235019
49.525284 0.00031474891
49.542719 0.00028449095
49.560357 0.00037071745
49.577916 0.00052151272
49.595283 0.00082510527
49.612699 0.00095567632
49.630154 0.00088880297
49.647696 0.0008905114
49.665029 0.00081530412
49.682395 0.00067939979
49.699762 0.0005414474
49.717022 0.00087688931
49.734382 0.0010104619
49.751732 0.00059152278
49.769143 0.00047306736
49.786587 0.00045791378
49.804272 0.00035683415
49.82194 0.00040094488
49.839507 0.00039870449
49.856958 0.00059548227
49.874817 0.00090736922
49.89232 0.00096315688
49.9098 0.001344885
49.927332 0.0011257144
49.944735 0.0012160181
49.962423 0.0016252397
49.979851 0.0018434175
49.997213 0.0022357264
50.01468 0.0024013692
50.032055 0.0022570488
50.049539 0.0022912296
50.066811 0.0024173965
50.083804 0.0028077325
50.100875 0.0028822675
50.118282 0.0025808579
50.135537 0.0028589645
50.152832 0.0023786678
50.170011 0.0023504046
50.187316 0.0021133561
50.204682 0.0013297867
50.221888 0.0010634018
50.239159 0.0011506647
50.256284 0.0011937034
50.273666 0.0011404618
50.291099 0.00076527716
50.308664 0.00056555311
50.325902 0.00061999896
50.343473 0.00051335199
50.361102 0.00096805354
50.378518 0.00063571852
50.396025 0.00071611931
50.413541 0.0013498107
50.431115 0.0015248505
50.448523 0.0017278323
50.466045 0.0018785141
50.483555 0.0018536051
50.50095 0.0018197822
50.518385 0.0020295523
50.535956 0.0022619436
50.553224 0.002276534
50.570482 0.0023796207
50.588006 0.0028347819
50.605305 0.003002419
50.622561 0.0027891686
50.639835 0.0027945892
50.656924 0.0025941689
50.673933 0.0021433127
50.691104 0.0019361664
50.708249 0.0019688477
50.725368 0.001729357
50.742415 0.0015307671
50.759727 0.0015991999
50.777017 0.0017546272
50.794181 0.0013996928
50.811387 0.0011474356
50.828573 0.00092425825
50.8455 0.0010571526
50.862746 0.0012423246
50.880136 0.0019194429
50.897711 0.0020452219
50.915259 0.0021097852
50.932774 0.0020608819
50.95032 0.0021811911
50.967772 0.0020574818
50.985106 0.0017537515
51.002359 0.0020755497
51.019683 0.0024562356
51.036969 0.0029732495
51.054703 0.0026419161
51.07236 0.0025812765
51.089908 0.002261994
51.107149 0.0024627927
51.124492 0.0027157735
51.141881 0.0031895943
51.159286 0.0031420009
51.176688 0.0032471992
51.194005 0.0033997631
51.211392 0.0034381695
51.228862 0.0031049602
51.246465 0.0029502226
51.263916 0.0032650526
51.281098 0.0034515668
51.29835 0.0034909233
51.315643 0.0035689104
51.332932 0.0034066492
51.350337 0.0029321483
51.367726 0.0029498974
51.384976 0.0030487641
51.4026 0.0025591549
51.420316 0.0027412996
51.437719 0.0030273026
51.455116 0.0028769734
51.472434 0.0026422675
51.489927 0.0023457781
51.507429 0.0023255812
51.5248 0.0019678401
51.542115 0.001984683
51.559418 0.0026539449
51.576815 0.0031590438
51.594322 0.0029146451
51.611476 0.0034674551
51.628657 0.0034593108
51.646235 0.0035226256
51.663528 0.003681986
51.680886 0.0040989732
51.698408 0.0043417093
51.715988 0.0047847781
51.733616 0.0052847625
51.751258 0.0054022464
51.768807 0.0049077758
51.786202 0.0045418132
51.803576 0.0047428956
51.821142 0.0048638867
51.838592 0.004762969
51.855896 0.0046258959
51.873291 0.0043685284
51.890726 0.0043227438
51.908216 0.0046101654
51.925515 0.0045725631
51.942883 0.00458075
51.960088 0.0046730799
51.97728 0.0049407905
51.994583 0.0053900364
52.011916 0.0057374494
52.029187 0.0059332061
52.046532 0.0058139583
52.063885 0.0058809631
52.081357 0.0064538314
52.098743 0.0064280466
52.11596 0.0061801624
52.133446 0.0057253709
52.150555 0.0055648438
52.168142 0.0056050855
52.185656 0.0058172148
52.203023 0.0054191609
52.220312 0.0053087898
52.23761 0.0051407132
52.254824 0.0053780718
52.27218 0.0057762439
52.289461 0.005622225
52.30668 0.0055745553
52.324091 0.0055717712
52.341433 0.0061970455
52.359016 0.0065592345
52.376295 0.0065417369
52.393772 0.0067273696
52.4114 0.0071111817
52.428648 0.0073341607
52.446106 0.0073277651
52.463601 0.0076228227
52.480975 0.0073487859
52.498386 0.0074522027
52.516055 0.0078962282
52.53333 0.0079948511
52.550656 0.0079515079
52.567846 0.0081044536
52.585326 0.0080043305
52.602456 0.0078936355
52.619413 0.0078597013
52.637022 0.0078966818
52.654333 0.0080212465
52.671535 0.0079592215
52.688902 0.008457947
52.706207 0.0086240281
52.723093 0.0083166954
52.740136 0.008326783
52.757071 0.0081783273
52.77424 0.0078244747
52.791163 0.0080953717
52.808354 0.0081822758
52.825668 0.0080741883
52.842619 0.0080540153
52.859698 0.0079050584
52.876855 0.0079812493
52.893939 0.0075313464
52.911076 0.0075795575
52.928334 0.0078736916
52.945917 0.0078991754
52.963146 0.0080599546
52.980386 0.0083831108
52.997722 0.0086251544
53.014978 0.0091508159
53.032301 0.0093471663
53.049769 0.0094154254
53.067329 0.009804403
53.084986 0.0097613044
53.102404 0.00998826
53.120012 0.010001978
53.137616 0.0099204499
53.15499 0.0099893514
53.172547 0.0099417242
53.190268 0.009847782
53.207612 0.0098622081
53.224895 0.0093360401
53.242342 0.0093775575
53.259682 0.0091585838
53.276856 0.0092866879
53.29392 0.0093101806
53.311428 0.0092078994
53.328682 0.0090890698
53.34596 0.0091941519
53.363271 0.0096525163
53.38058 0.0099157204
53.397786 0.010211603
53.415268 0.0099807789
53.432867 0.010458694
53.450206 0.010695821
53.467772 0.011196217
53.485374 0.011150016
53.503001 0.011319764
53.520239 0.011937418
53.537483 0.012417241
53.554725 0.012647905
53.572072 0.012374813
53.589609 0.012175461
53.60695 0.012063965
53.624278 0.012362856
53.641523 0.012333256
53.658729 0.012134974
53.676025 0.011555317
53.693268 0.011683403
53.710315 0.011689352
53.727809 0.011346604
53.74514 0.011033076
53.762675 0.010570855
53.780067 0.010535677
53.797287 0.010554353
53.814621 0.010337636
53.832122 0.010412703
53.849595 0.01022354
53.867256 0.00993802
53.884574 0.010486332
53.901943 0.01030866
53.919809 0.010078319
53.937049 0.010316193
53.954459 0.010411968
53.971983 0.010707345
53.989497 0.010905232
54.006933 0.011369839
54.024453 0.011805813
54.041753 0.011540682
54.059115 0.011599016
54.07641 0.012024524
54.093878 0.011883051
54.111317 0.012268309
54.128314 0.012753363
54.145553 0.012614265
54.162972 0.01282447
54.180024 0.013209552
54.19726 0.0136861
54.214615 0.013617449
54.231887 0.013489319
54.249093 0.013825406
54.26629 0.014006049
54.283493 0.01421086
54.300694 0.014263513
54.318095 0.014359282
54.335624 0.014501214
54.353249 0.014787997
54.370705 0.014894781
54.388491 0.014771996
54.406006 0.014278036
54.423469 0.014439868
54.440909 0.014620679
54.458435 0.014414931
54.476002 0.014358781
54.493592 0.014242493
54.511005 0.014521883
54.528411 0.014458908
54.545964 0.014189868
54.563327 0.014260977
54.58084 0.014242142
54.598096 0.01405372
54.615416 0.014186837
54.632969 0.013930401
54.650546 0.013701866
54.668105 0.014000516
54.68561 0.014615879
54.703293 0.014955435
54.720777 0.014792781
54.738311 0.01478809
54.755683 0.015098702
54.773082 0.015346338
54.790251 0.015475504
54.807324 0.015682674
54.824585 0.015633443
54.841536 0.016002481
54.858473 0.016222872
54.875463 0.016118352
54.892631 0.015678021
54.909465 0.015603985
54.926597 0.015704035
54.943615 0.015719357
54.960731 0.015475602
54.977938 0.015282483
54.995254 0.015030733
55.012593 0.015208842
55.029979 0.01514879
55.047539 0.014753754
55.065267 0.014708486
55.082843 0.015145941
55.100257 0.015432714
55.117743 0.015251342
55.135153 0.015308794
55.152421 0.015194381
55.169758 0.015234703
55.187139 0.015169738
55.204418 0.015518541
55.221464 0.015294777
55.238641 0.015558273
55.255954 0.015196229
55.27299 0.01539183
55.29017 0.015143218
55.307574 0.014867646
55.324964 0.014979426
55.34231 0.015235337
55.359765 0.015209605
55.377187 0.015300451
55.394583 0.015032161
55.411715 0.015116053
55.429347 0.015135205
55.446775 0.01501198
55.463972 0.015550283
55.481425 0.015440918
55.498835 0.015202725
55.516149 0.014974552
55.533463 0.0151283
55.550898 0.015071888
55.568469 0.015752923
55.585589 0.016151554
55.602778 0.016556911
55.620501 0.016037883
55.638086 0.015714169
55.655521 0.015855282
55.672997 0.015871981
55.690424 0.015749611
55.707773 0.015980995
55.725168 0.016368168
55.742451 0.016124717
55.759854 0.015888058
55.776939 0.015357415
55.794524 0.015154984
55.811926 0.014906048
55.829205 0.014918044
55.846495 0.015142407
55.863727 0.015111341
55.881169 0.015084713
55.898342 0.015157099
55.91568 0.015054097
55.933042 0.01497799
55.950532 0.015163993
55.967785 0.01521631
55.985204 0.015278277
56.00263 0.015011448
56.020171 0.0151592
56.037715 0.015577993
56.055275 0.015880353
56.072832 0.016194512
56.090355 0.016247213
56.107919 0.016358495
56.125376 0.016677363
56.142664 0.01670131
56.159758 0.016798325
56.17718 0.01689154
56.194573 0.017029502
56.211886 0.016913148
56.229162 0.016661219
56.24638 0.016442864
56.263641 0.016329172
56.280905 0.016452523
56.298029 0.016657134
56.315281 0.017167845
56.332569 0.016980933
56.349908 0.017096006
56.367465 0.017088812
56.384892 0.017108283
56.402141 0.01703448
56.419486 0.017327479
56.436705 0.017683308
56.453951 0.01777715
56.471109 0.017712359
56.488497 0.017243782
56.505685 0.017333047
56.52299 0.01691196
56.540271 0.016953826
56.557477 0.016665584
56.57478 0.016669182
56.591949 0.016795292
56.609305 0.016883872
56.626415 0.016917445
56.643672 0.016557873
56.66084 0.016569632
56.6783 0.016557095
56.695586 0.016896458
56.713056 0.016900165
56.730538 0.016956275
56.747988 0.016965015
56.765508 0.017298497
56.783003 0.017271891
56.80053 0.017387495
56.818199 0.017532741
56.835866 0.017405825
56.853403 0.017685588
56.870867 0.017808329
56.887982 0.017809928
56.905254 0.017237775
56.922522 0.016827383
56.93964 0.01659187
56.956954 0.016139174
56.97417 0.015457453
56.991427 0.015435305
57.008532 0.015026959
57.025611 0.014632489
57.042736 0.014507794
57.059973 0.014156529
57.077413 0.013958355
57.094779 0.014225124
57.111986 0.014852416
57.129398 0.015150876
57.14675 0.015307843
57.164181 0.015620909
57.181576 0.016131446
57.198718 0.015986731
57.216121 0.016416432
57.233503 0.016694208
57.250763 0.016941002
57.268027 0.017213877
57.285255 0.017446227
57.302664 0.017396772
57.320241 0.017330986
57.337528 0.017524469
57.354928 0.017824411
57.372052 0.01798119
57.389263 0.017820384
57.406738 0.018004101
57.42408 0.017778397
57.441398 0.01780965
57.458738 0.017780707
57.475976 0.017780591
57.493218 0.017740557
57.51062 0.017705864
57.527901 0.017421237
57.545298 0.016901184
57.562695 0.016852052
57.580097 0.016760039
57.597579 0.016715155
57.614878 0.016540852
57.632236 0.016455836
57.649495 0.01602477
57.666803 0.01606559
57.684302 0.016477986
57.701815 0.016498862
57.719069 0.016404279
57.736388 0.016676221
57.753733 0.016947125
57.770776 0.016906852
57.787968 0.01685647
57.805515 0.016720226
57.822783 0.017080729
57.840023 0.017212032
57.85728 0.017804937
57.874381 0.018032518
57.891611 0.017568185
57.909046 0.017228977
57.92642 0.017237247
57.943721 0.016921517
57.960947 0.016780706
57.9785 0.016831898
57.99597 0.017267688
58.013099 0.017727759
58.030469 0.01748439
58.047802 0.017716461
58.065121 0.017790892
58.082588 0.01769316
58.100124 0.017564105
58.117373 0.018000498
58.134641 0.018339572
58.151923 0.018768125
58.169343 0.019166113
58.186745 0.0191353
58.203979 0.018902697
58.221097 0.018937382
58.238312 0.019181863
58.255673 0.019163094
58.273131 0.018862118
58.290676 0.018680533
58.307822 0.019101941
58.325183 0.018922851
58.342605 0.018795115
58.360056 0.018612455
58.377462 0.018384919
58.394925 0.018320576
58.412159 0.018532017
58.429658 0.018146948
58.447195 0.017730313
58.464743 0.017420035
58.482106 0.017528299
58.499409 0.01768009
58.516857 0.017540582
58.534163 0.017395332
58.551625 0.01705822
58.568908 0.016789894
58.586127 0.016921938
58.603454 0.016934206
58.621066 0.016523745
58.638587 0.016591577
58.656167 0.016794677
58.673389 0.016737439
58.690781 0.016559891
58.70832 0.016447113
58.725824 0.01655186
58.743169 0.016970198
58.760646 0.017328708
58.778159 0.017281568
58.795646 0.017175312
58.812978 0.017184809
58.830372 0.017167691
58.847592 0.017399572
58.864654 0.017398091
58.881897 0.017511729
58.899084 0.017578061
58.916141 0.017437146
58.933031 0.017551516
58.950105 0.017207122
58.967087 0.016873993
58.984242 0.016946662
59.001336 0.017023828
59.018478 0.016711823
59.035631 0.016602176
59.052619 0.016157897
59.069818 0.01619392
59.087178 0.016307256
59.104446 0.016408859
59.121783 0.016636121
59.139428 0.016679527
59.156943 0.016481691
59.174321 0.016719336
59.191651 0.017143995
59.208941 0.017162987
59.225995 0.017465537
59.243199 0.017999958
59.26075 0.018569062
59.277997 0.018572028
59.295179 0.018188337
59.31263 0.018089231
59.330149 0.017785739
59.347408 0.017473859
59.364774 0.01780114
59.382116 0.017696388
59.399497 0.017631102
59.416957 0.017641863
59.434602 0.017357871
59.452071 0.016910825
59.469549 0.016530053
59.486958 0.016424466
59.504376 0.016405154
59.521746 0.01618186
59.539133 0.016090158
59.55644 0.016212209
59.573792 0.016158959
59.591199 0.016163805
59.608453 0.015889516
59.62585 0.015791804
59.643122 0.015599066
59.660454 0.01547862
59.67769 0.015747297
59.695068 0.015664509
59.712545 0.015647554
59.729783 0.015635068
59.747001 0.015974712
59.764335 0.01569986
59.78148 0.015566459
59.798761 0.015585352
59.816088 0.015615982
59.833277 0.015869079
59.850655 0.016344562
59.867918 0.016619422
59.885249 0.016305886
59.90265 0.016198034
59.919883 0.016083467
59.937262 0.016025583
59.954499 0.015811013
59.971879 0.016122006
59.989434 0.016167824
60.006863 0.016091587
60.024194 0.016286401
60.041682 0.016026328
60.058988 0.015765993
60.076437 0.015666217
60.093722 0.015919891
60.111041 0.016014825
60.12835 0.016534284
60.145547 0.016762247
60.16279 0.016609943
60.180034 0.016156597
60.197139 0.016266694
60.214105 0.016381235
60.231329 0.016021862
60.248558 0.015731606
60.265794 0.016031545
60.282824 0.015823291
60.300086 0.015663094
60.31713 0.015537233
60.334262 0.014912758
60.351497 0.014695257
60.368819 0.014924101
60.386033 0.015031613
60.403521 0.014647826
60.42094 0.014438242
60.438213 0.014363832
60.455377 0.014270053
60.472577 0.01414761
60.49013 0.014113969
60.507382 0.014085409
60.52495 0.013882192
60.542392 0.013868938
60.559925 0.013710179
60.577405 0.013742253
60.59485 0.013911868
60.612102 0.014240817
60.629596 0.014269193
60.647173 0.014319747
60.664669 0.014387035
60.682194 0.014050379
60.69961 0.014198358
60.717001 0.014046274
60.734338 0.014323987
60.751641 0.014682284
60.769019 0.014721443
60.786356 0.014510911
60.803707 0.014550846
60.820904 0.014451657
60.83814 0.014462917
60.855318 0.014600822
60.872474 0.014427783
60.88966 0.01441584
60.906759 0.013955405
60.924098 0.014064301
60.941182 0.014057117
60.958553 0.013916105
60.97558 0.013977527
60.992568 0.014164341
61.009447 0.013915805
61.026598 0.013682849
61.043626 0.013395994
61.06084 0.013322346
61.078017 0.013488168
61.09525 0.013743102
61.112333 0.014134082
61.129502 0.014075349
61.14682 0.013726368
61.164056 0.013567096
61.181328 0.013381152
61.198516 0.012809839
61.216098 0.012498862
61.233528 0.012227853
61.251047 0.012048244
61.268257 0.011692463
61.285855 0.011782777
61.303268 0.011547771
61.320882 0.011472541
61.338396 0.011373317
61.355808 0.011471022
61.373224 0.011376799
61.390539 0.011200547
61.40803 0.011503089
61.425398 0.011719742
61.4429 0.011638548
61.460474 0.011463082
61.478021 0.011672476
61.495259 0.011286719
61.51272 0.011181588
61.529969 0.010999096
61.547177 0.010875922
61.564349 0.010513261
61.581484 0.010427075
61.599002 0.010665755
61.616343 0.010622444
61.633542 0.01059751
61.650667 0.010791608
61.667695 0.011002842
61.684847 0.010899832
61.702181 0.010884838
61.719338 0.010593861
61.736743 0.010501471
61.754007 0.010751501
61.771379 0.011222659
61.788648 0.01135772
61.805804 0.011332295
61.823042 0.011522983
61.840272 0.011636279
61.85763 0.011639478
61.874848 0.011646141
61.892179 0.011691124
61.909204 0.011793108
61.926398 0.011866592
61.943482 0.011829712
61.960762 0.011550381
61.978014 0.011327877
61.995443 0.01152218
62.012723 0.011414601
62.030101 0.011003752
62.047447 0.010559574
62.064776 0.010614652
62.082167 0.010653059
62.09946 0.010345571
62.116923 0.01010161
62.134254 0.010042432
62.151634 0.010256077
62.168881 0.010145468
62.18615 0.010087632
62.20331 0.0097984772
62.220599 0.010003253
62.237888 0.010358946
62.255231 0.010710654
62.272459 0.010436812
62.289535 0.010518984
62.306733 0.010882813
62.323925 0.011096327
62.341309 0.011073212
62.358451 0.010842619
62.375836 0.010911376
62.393084 0.010940733
62.410403 0.010793761
62.427804 0.010349888
62.445218 0.0099054342
62.462614 0.009626198
62.479891 0.0097302625
62.497371 0.0098081155
62.514722 0.0095148817
62.532173 0.0093874407
62.549404 0.0093233872
62.566908 0.0095038315
62.584172 0.0098098897
62.601549 0.0098332432
62.618769 0.0096984298
62.63603 0.0098251218
62.65312 0.0099121072
62.670284 0.010010877
62.687616 0.01015207
62.704988 0.010001727
62.722414 0.010040391
62.739781 0.010375685
62.757345 0.01047552
62.774709 0.010217529
62.792227 0.0097594119
62.809655 0.0095977268
62.827179 0.0097216703
62.844639 0.0096990522
62.862226 0.01000526
62.879814 0.0099224198
62.897474 0.0097072765
62.91496 0.0095553188
62.932549 0.0095662565
62.949922 0.009587759
62.967166 0.0095191913
62.984727 0.0092487889
63.001965 0.0091678205
63.019355 0.0093866401
63.036721 0.0095334476
63.053948 0.0096148019
63.071057 0.0094625158
63.087868 0.0093986411
63.104626 0.0092546406
63.121584 0.009105281
63.138355 0.0088606227
63.155364 0.0085290697
63.172288 0.008316155
63.189003 0.0084760957
63.206036 0.008720225
63.223046 0.0083683849
63.240148 0.0082160112
63.257175 0.0079466624
63.274322 0.0077288584
63.291861 0.0077420838
63.309274 0.0081833649
63.326637 0.0081576329
63.343986 0.0083632757
63.361254 0.0084847118
63.378559 0.0088644887
63.395951 0.009128532
63.413176 0.0093550567
63.430505 0.0097405024
63.447754 0.0099497819
63.465121 0.01018652
63.482654 0.010225563
63.499957 0.010563665
63.517308 0.010251529
63.534654 0.010602114
63.551991 0.010780268
63.569341 0.010489835
63.586738 0.010339125
63.604226 0.010319828
63.621615 0.010074637
63.638978 0.010078359
63.656481 0.010179377
63.673914 0.010163617
63.691082 0.010235583
63.708358 0.010170616
63.725729 0.010263214
63.742986 0.010097344
63.760294 0.010429349
63.777656 0.010779342
63.794944 0.010953405
63.81201 0.010905857
63.82934 0.010938363
63.846631 0.010756285
63.863972 0.01047404
63.881216 0.010470985
63.898708 0.010480362
63.91622 0.0098694185
63.933562 0.0098548636
63.950868 0.0099088406
63.968152 0.0091778872
63.985303 0.0089787461
64.002534 0.0086615878
64.019943 0.0085251688
64.037275 0.0083557099
64.054669 0.0084165405
64.071599 0.0084584985
64.088817 0.0084964107
64.105892 0.0084227571
64.122946 0.0090132141
64.140104 0.0092105707
64.157375 0.00963717
64.174662 0.0097872952
64.191986 0.0097537502
64.209343 0.010066381
64.226582 0.010042407
64.243773 0.009870508
64.260879 0.0097162697
64.278257 0.0098623551
64.29546 0.0098466558
64.312805 0.0095883027
64.330098 0.0093578723
64.347327 0.0089889063
64.364508 0.0083730174
64.381756 0.008475604
64.399068 0.00841755
64.416547 0.0084387922
64.43385 0.0086072172
64.451183 0.0088077006
64.468525 0.0087164394
64.4859 0.0083613504
64.50328 0.0083133634
64.52041 0.0085437378
64.537675 0.0086201815
64.555039 0.0087723176
64.572444 0.0089159301
64.589616 0.0092395576
64.60705 0.0092490988
64.624003 0.0093451915
64.641588 0.0092273174
64.658971 0.0094286439
64.676206 0.0094452341
64.693587 0.0092963053
64.710976 0.0092425918
64.728777 0.0091975004
64.74626 0.0093401889
64.76384 0.0092214844
64.781518 0.0091334235
64.799263 0.0088188229
64.816703 0.0089955047
64.834234 0.008614563
64.851491 0.00845009
64.868883 0.0081836705
64.886452 0.0083409021
64.903827 0.0086726527
64.921151 0.0089513706
64.938211 0.0092509469
64.955559 0.0092093993
64.972796 0.0096805361
64.989937 0.0098729297
65.007171 0.0096067736
65.024463 0.0095547346
65.04196 0.0097324039
65.059161 0.0098947217
65.076411 0.0098228134
65.093759 0.0096455416
65.111065 0.0095475817
65.12831 0.0094872119
65.145301 0.009181097
65.162279 0.0089444003
65.179252 0.0088904259
65.196255 0.0088115037
65.213228 0.0090573536
65.230316 0.0089424838
65.247118 0.0089866628
65.264286 0.0090056541
65.281399 0.0092014669
65.298311 0.0091785594
65.315256 0.0092998168
65.332382 0.0091058557
65.349746 0.0089278364
65.367257 0.0090953019
65.384505 0.0090526956
65.401756 0.0090211115
65.419121 0.0090527593
65.436206 0.009127696
65.453493 0.0087682018
65.470918 0.0087648468
65.488093 0.0087809216
65.505429 0.0088000069
65.522858 0.0086305233
65.540265 0.0084521119
65.557716 0.0086022732
65.574811 0.0085028551
65.592045 0.0081816104
65.609271 0.0081129702
65.626376 0.0079456561
65.643611 0.0079501721
65.660818 0.0079545355
65.677882 0.0077583941
65.695013 0.007664697
65.712246 0.0076207671
65.729387 0.0078262636
65.746449 0.0079966796
65.76351 0.0081379663
65.780597 0.0082891445
65.797867 0.0084401497
65.815115 0.0087092292
65.832437 0.0086240118
65.849783 0.0085906065
65.867058 0.0089154231
65.884193 0.0088598558
65.901556 0.0086598082
65.918711 0.0085348087
65.935964 0.0082564166
65.953279 0.0081932708
65.970469 0.0079993103
65.987901 0.0075933906
66.005185 0.007531788
66.0224 0.0074624859
66.039686 0.007797768
66.057002 0.0079600861
66.07436 0.0076108923
66.09174 0.0077824314
66.109145 0.0081288162
66.126557 0.0081713673
66.143961 0.0083095191
66.161179 0.0084685624
66.178456 0.0086817333
66.19564 0.0089093033
66.212905 0.0088198295
66.230247 0.0088911596
66.247467 0.0088327969
66.264589 0.0086796473
66.281881 0.0087408033
66.299144 0.0087597701
66.316252 0.0085338051
66.333401 0.0086252876
66.350577 0.00858269
66.368022 0.008306117
66.385506 0.0081309113
66.403006 0.0081502072
66.420085 0.0084175692
66.437484 0.0082138681
66.454862 0.0080132776
66.472375 0.0078436623
66.489995 0.0081359673
66.507576 0.008509704
66.525518 0.0085109023
66.54317 0.0086490991
66.560853 0.0086803569
66.578453 0.0088493934
66.595847 0.0087665915
66.613177 0.0087422857
66.630789 0.0084934655
66.647961 0.0082870272
66.665386 0.0081469843
66.682735 0.0081919881
66.699796 0.0077570863
66.716872 0.0070286492
66.733708 0.0068311131
66.750946 0.0065915555
66.767986 0.0066034741
66.78504 0.0064108194
66.802167 0.0063328022
66.819312 0.0061703601
66.836573 0.0059611645
66.853976 0.0059431874
66.871233 0.0061696383
66.88828 0.0061921229
66.905745 0.0060951605
66.923001 0.0060782688
66.940187 0.0058476548
66.957298 0.0057191323
66.974659 0.0056458647
66.992017 0.0060233812
67.009251 0.0061561549
67.026559 0.0060885941
67.043864 0.0061718175
67.061143 0.0064979651
67.07835 0.0066263174
67.095692 0.0065126131
67.112722 0.0066731436
67.129871 0.0069690199
67.147147 0.0071935387
67.164426 0.0073800652
67.181485 0.0073722702
67.198464 0.0072033858
67.21545 0.0071316616
67.232323 0.0072706174
67.249252 0.0071375633
67.266222 0.0066419382
67.283368 0.0064207788
67.300465 0.0064996873
67.317598 0.0066308352
67.334743 0.0068983264
67.351972 0.0070608456
67.369115 0.0070230527
67.386231 0.0070331486
67.403259 0.0072218599
67.420655 0.0073961813
67.438083 0.0073115865
67.455481 0.0076277651
67.472975 0.0081014107
67.490266 0.0079353863
67.50754 0.0077236211
67.524888 0.007472503
67.542269 0.0069965043
67.559641 0.0065950612
67.576815 0.0066001412
67.594412 0.0065428506
67.611956 0.0062644759
67.629201 0.0061178691
67.646574 0.0060819131
67.663872 0.0057110583
67.681097 0.0053563803
67.698324 0.0054796676
67.715654 0.005680673
67.733078 0.0058890599
67.750397 0.0060664345
67.767604 0.0062235385
67.785135 0.0060685637
67.80235 0.0058577431
67.819827 0.0057025375
67.837248 0.0057371398
67.854677 0.0057579257
67.872094 0.0057391528
67.889242 0.0058772881
67.906703 0.0058299213
67.924077 0.0058602139
67.941381 0.0058177976
67.958769 0.005742382
67.976166 0.0057881857
67.993398 0.0058657608
68.01066 0.0060883347
68.027907 0.0059072397
68.045339 0.0058568828
68.062595 0.0057458931
68.080004 0.0058644538
68.097667 0.0054283002
68.115004 0.0053389624
68.132318 0.005286658
68.149524 0.0052152427
68.166697 0.0052584927
68.183891 0.0051654052
68.201143 0.0053553478
68.218416 0.0051589512
68.235548 0.0053362272
68.252799 0.0052947864
68.270015 0.0052969362
68.287249 0.0052696352
68.30424 0.0055252427
68.321364 0.0054526484
68.338702 0.0053778397
68.356015 0.0054599898
68.373326 0.0054339478
68.390726 0.0051780713
68.408162 0.004842403
68.425558 0.0047581385
68.442901 0.0046407989
68.460119 0.0041567304
68.477704 0.0035740732
68.495098 0.0032582521
68.512647 0.0031020217
68.530146 0.0028348253
68.547292 0.0025295019
68.56452 0.00220308
68.581815 0.0020940053
68.599032 0.0022619376
68.616151 0.0020971423
68.633122 0.0020187809
68.65045 0.0020074382
68.667825 0.0023227019
68.684854 0.0027651156
68.701912 0.0029424768
68.719068 0.0032313217
68.736266 0.0037115893
68.753742 0.0042709522
68.771116 0.0046414407
68.788636 0.004683168
68.805831 0.0047908301
68.82303 0.0050785159
68.840404 0.005416504
68.857683 0.0053618784
68.874921 0.0053666229
68.892212 0.0053931876
68.909428 0.0052378749
68.92662 0.0047895569
68.943837 0.004419031
68.960967 0.0039801895
68.978122 0.00389514
68.995167 0.0040119338
69.012489 0.0039617543
69.029847 0.0038527656
69.047286 0.003616615
69.064516 0.0033436799
69.081769 0.0032004594
69.09906 0.0032545017
69.116368 0.0031890372
69.133671 0.0037252601
69.151081 0.0036342678
69.168567 0.0037469236
69.185972 0.0035684842
69.203299 0.0035270606
69.220674 0.0036422604
69.237937 0.0036322345
69.255006 0.0035359891
69.272285 0.003515287
69.28936 0.0032870022
69.30641 0.0029866755
69.323661 0.0028715583
69.340883 0.0025152503
69.357871 0.0028772706
69.37481 0.0027043743
69.391839 0.0029716327
69.408926 0.0026288764
69.425975 0.0024216033
69.443163 0.0023442666
69.460334 0.0023781769
69.477377 0.0027302895
69.494594 0.0030106096
69.511798 0.0031553214
69.528974 0.0035328787
69.546037 0.0036961872
69.563117 0.0036109811
69.58034 0.0039068455
69.597664 0.0036772483
69.615017 0.0038405678
69.632209 0.0040098927
69.649392 0.0042347535
69.66657 0.0042402955
69.683732 0.0037291187
69.700968 0.0036354935
69.718336 0.0036225248
69.735754 0.0034042308
69.75318 0.0028920848
69.770526 0.0026148915
69.787863 0.0022772296
69.805097 0.0021686878
69.822109 0.002047951
69.839373 0.0017962171
69.856529 0.0013924247
69.873863 0.0013099453
69.891128 0.0015478209
69.908524 0.0011973007
69.925985 0.00090298986
69.943002 0.0010054495
69.960189 0.0014759254
69.977675 0.0016510836
69.994992 0.0016319759
70.012343 0.0015609527
70.029826 0.0015055581
70.047131 0.0016775755
70.064762 0.001955235
70.082176 0.0019428961
70.099707 0.0021436367
70.116963 0.0024902878
70.134018 0.0029355295
70.151409 0.002910763
70.168737 0.0025305708
70.185906 0.0022534884
70.20319 0.0022644093
70.220344 0.0022754892
70.237558 0.0022415856
70.254879 0.0020703919
70.272016 0.0021304116
70.289267 0.0019573922
70.30638 0.0017372478
70.323508 0.0015524947
70.340784 0.0010519234
70.357998 0.0006099664
70.375282 0.00055337769
70.392441 0.00041813558
70.409505 0.00025632263
70.426687 0.00025760472
70.443993 0.00010919412
70.461138 5.3837956e-005
70.478286 -0.00022356354
70.495388 -4.8772115e-005
70.512687 0.0002229453
70.529965 0.00022875111
70.547157 0.00038031088
70.564489 0.0008017417
70.581745 0.0010282852
70.599073 0.0013602548
70.616504 0.0015247602
70.633951 0.0013996776
70.651378 0.0016367148
70.668797 0.0017683024
70.686252 0.0017840172
70.703678 0.0021435286
70.721001 0.002010186
70.738398 0.002354331
70.75576 0.0026010584
70.773063 0.0026075097
70.790547 0.0025852746
70.807869 0.0026920764
70.82507 0.0027333856
70.842448 0.0027858609
70.85969 0.0028773078
70.876974 0.0027560911
70.89431 0.0027415665
70.91164 0.0022496604
70.929117 0.0023698359
70.946383 0.002204308
70.963804 0.0020051447
70.981115 0.0021608859
70.998304 0.0023911062
71.015735 0.0022507894
71.03337 0.0020495729
71.050822 0.0020796574
71.068115 0.001930903
71.085459 0.0019427942
71.102754 0.0018577681
71.120088 0.0019979584
71.137169 0.0017609711
71.154402 0.0016112235
71.171605 0.0015202366
71.188943 0.0011328785
71.206135 0.00090015481
71.223133 0.00096736351
71.240094 0.0010000883
71.257054 0.00098560861
71.274092 0.00081272934
71.291127 0.00049057213
71.308207 0.00057384016
71.325165 0.00045560634
71.342318 0.00034911805
71.359323 0.00042720599
71.37636 0.00025525522
71.393096 0.00022746283
71.409971 0.0001894266
71.426935 0.00016337086
71.443791 0.00048731677
71.460758 0.00028101959
71.477863 0.00023543088
71.494985 0.0005182651
71.511998 0.0003130649
71.529322 0.00010468322
71.54655 -3.0276345e-005
71.564026 -0.00012565573
71.581221 0.00015484964
71.598929 0.00026028777
71.616223 0.00035891534
71.633694 8.4603069e-005
71.651037 -0.00047641619
71.668128 -0.00060751236
71.685448 -0.00085671778
71.702304 -0.00079846801
71.719489 -0.00057280457
71.736482 -0.00014009215
71.753653 9.2705127e-005
71.77069 8.5967488e-006
71.787999 -0.00021812437
71.805104 -0.00012921514
71.82263 -0.00029868655
71.839892 -0.00020763865
71.857298 -0.00017672197
71.874867 0.00033172569
71.892066 0.0011279755
71.909854 0.0012207154
71.927409 0.001136069
71.944964 0.0005772203
71.962366 0.00046580133
71.979798 0.00063323453
71.997029 0.00062541985
72.014223 0.00040711131
72.031191 0.00015668792
72.04834 0.00015541162
72.065385 0.00042229709
72.082447 0.00028958246
72.099696 3.1214815e-005
72.116683 -0.00033851796
72.133719 -0.00035073283
72.150684 0.00012237338
72.167798 0.00031949009
72.184941 0.00046941975
72.202139 0.00057806866
72.219311 0.00091860677
72.236518 0.0012271631
72.253732 0.001171759
72.270984 0.00091147468
72.288577 0.00071487077
72.305763 0.00054386813
72.323236 0.00056765686
72.340425 0.00039134171
72.357852 5.31039e-005
72.37508 -0.00023427306
72.392432 -0.00094254637
72.409898 -0.0010260689
72.427218 -0.0015008838
72.444789 -0.0019251905
72.462343 -0.0019123087
72.479729 -0.0017174817
72.496922 -0.0019645717
72.514436 -0.0020657366
72.531958 -0.001928846
72.549506 -0.0017982769
72.566924 -0.001516438
72.584288 -0.0012856918
72.601718 -0.0010498805
72.618887 -0.000951329
72.636245 -0.00068545342
72.653441 -0.00023040533
72.670702 -0.00020832844
72.688142 -0.00029028472
72.705518 -9.8679562e-005
72.72268 -0.00022169301
72.739778 -0.00042013751
72.756983 -0.00052710827
72.774149 -0.00067664815
72.791455 -0.00092158185
72.808682 -0.00068946683
72.825917 -0.00064930197
72.843225 -0.0008268487
72.860556 -0.0010218327
72.877652 -0.0012011379
72.89494 -0.0013580605
72.911962 -0.0014463649
72.929178 -0.00098322241
72.946464 -0.00062390399
72.963811 -0.00052672242
72.981186 -0.00036481433
72.998369 -0.00017273508
73.01562 -0.0002135542
73.032944 5.7896382e-005
73.05011 0.00038269123
73.067305 0.0006692464
73.084789 0.00064246911
73.101949 0.00084635025
73.119307 0.00097077482
73.13677 0.00088355101
73.154009 0.00092841857
73.171298 0.00070875589
73.188401 0.00041849319
73.205684 0.00031414309
73.222681 0.00064878146
73.239955 0.00034764056
73.257164 0.00030703685
73.274493 0.00041528304
73.291511 0.00066367724
73.30871 0.00065000099
73.325897 0.00054967052
73.343017 0.00033381257
73.360266 0.00014910124
73.377462 0.00054333747
73.394768 0.00072506672
73.411975 0.00088917806
73.42937 0.00075242801
73.446413 0.00083046499
73.46346 0.00076139098
73.480336 0.00057926577
73.497518 0.00039027799
73.514652 -9.5905367e-006
73.531831 6.0813776e-005
73.548895 -4.9326176e-006
73.565803 0.00015078614
73.582598 7.8431766e-005
73.599241 0.00030668887
73.61625 9.5082944e-005
73.633009 -0.00011622782
73.649977 -0.00016172262
73.66715 -0.00038154667
73.684341 -0.00067002342
73.70147 -0.00083385417
73.718612 -0.00039350706
73.735935 -0.00020831924
73.753377 -0.00014138931
73.770889 -0.00029837419
73.788051 -0.00031341882
73.805667 -0.00039045061
73.823133 -0.00039880867
73.840755 -0.00047419867
73.858183 -0.0005243907
73.875561 -0.0004125395
73.892944 -0.000449797
73.910371 5.6144453e-005
73.927734 -0.00016734056
73.944877 -0.00014547975
73.961797 7.0636014e-005
73.978717 -0.0001375144
73.99603 -7.7774966e-005
74.013235 -0.00015292974
74.03028 -5.6713506e-005
74.047369 -1.2997616e-006
74.064506 6.9442194e-005
74.081677 0.00026004164
74.098841 0.00070112745
74.11602 0.00059943316
74.133353 0.0006245925
74.150699 0.00082989727
74.168031 0.0011114465
74.185485 0.0011507684
74.202917 0.0011210635
74.220168 0.0011740431
74.23741 0.001237434
74.254658 0.0011397341
74.272033 0.0012679612
74.28928 0.00081764265
74.306587 0.00040502194
74.323712 0.00011706984
74.34084 0.0002349266
74.357936 -5.9568292e-005
74.375175 -0.00060161965
74.392372 -0.00060035809
74.409649 -0.000949747
74.427009 -0.0013556923
74.444134 -0.0015647064
74.4613 -0.0014056634
74.478452 -0.0016893815
74.495715 -0.0012617374
74.512906 -0.0014567717
74.530214 -0.0013562531
74.547393 -0.001271291
74.564538 -0.0013507524
74.581839 -0.0013303851
74.599124 -0.00096285439
74.616224 -0.00035971437
74.633307 -1.4378214e-006
74.650661 6.4299793e-006
74.667881 -0.00013141495
74.685104 -0.00014147369
74.702367 -0.00038753472
74.719514 -4.1711106e-005
74.736703 -3.8249e-006
74.754 -1.3719881e-005
74.771208 -7.6845053e-005
74.788483 -5.7098009e-005
74.80555 -0.00023546599
74.822689 -0.00032579772
74.840078 -0.00063329061
74.857159 -0.0002681549
74.874517 3.069041e-005
74.892004 0.00033540824
74.90949 0.00030275857
74.926882 0.00023771499
74.944242 0.00010229763
74.961732 6.5771225e-005
74.979192 0.00038093139
74.996604 0.00039719464
75.014164 0.00030991996
75.031783 -9.7787355e-005
75.049137 0.00036657205
75.066897 0.00040073679
75.084301 0.00026402664
75.101527 0.00019221743
75.118574 0.00020028626
75.135942 0.00025439114
75.153281 0.00038821503
75.170485 5.0339328e-005
75.187915 -0.00040959129
75.205156 -0.00036596158
75.222309 -0.00024150936
75.239689 -0.00022309454
75.257059 -0.00047635312
75.274404 -0.00044376762
75.29183 -0.00036993327
75.309242 -0.00023890524
75.326661 3.4989827e-005
75.344084 0.00013365423
75.361443 8.5908313e-005
75.37859 0.00029501698
75.395702 0.00039865492
75.41314 0.00032036521
75.43056 -9.1864827e-005
75.447766 -0.00020129349
75.46486 -9.4653754e-005
75.481938 -0.0003388784
75.499121 -0.00059811146
75.516259 -0.00088713766
75.533293 -0.00075583301
75.550098 -0.00097216774
75.566913 -0.00085453209
75.583969 -0.00070559028
75.600937 -0.00058780189
75.617649 -0.00059149171
75.634627 -3.8096855e-005
75.651553 0.00031629067
75.668724 0.00012807559
75.685793 -6.073687e-005
75.702698 -0.00024310137
75.71966 -0.00027902624
75.736898 -0.00073560198
75.754198 -0.0006785995
75.771588 -0.0010011413
75.78883 -0.0012797328
75.806268 -0.0013605351
75.823608 -0.0010668119
75.840987 -0.00099725097
75.858098 -0.0011805006
75.875165 -0.001248512
75.892301 -0.0012637383
75.90956 -0.00080749238
75.926686 -0.00078380339
75.943825 -0.0004500931
75.961097 -8.4609831e-005
75.978207 0.00023941495
75.995435 0.00058473709
76.012411 0.00082379861
76.029511 0.00079234301
76.046472 0.00076716366
76.063756 0.00075765758
76.0809 0.00070439218
76.098136 0.00096159066
76.115293 0.00082493169
76.132662 0.00086745536
76.150152 0.00067232195
76.167389 0.00047992643
76.184502 0.00045128188
76.201791 0.00021168263
76.219063 4.0145015e-005
76.236356 -0.0002091565
76.253598 -0.00019244833
76.270781 0.00022802508
76.288196 0.00069723993
76.305438 0.00071669947
76.322643 0.00068860206
76.339769 0.00045465709
76.356601 0.00035626014
76.373467 0.00041350573
76.390741 0.00019286863
76.407921 0.00041092322
76.425205 0.00031074217
76.442431 0.00018635658
76.459742 -7.8855903e-005
76.477071 -0.00035395091
76.494209 -0.00066931431
76.511585 -0.00064484145
76.529039 -0.00038143025
76.546451 0.00038325612
76.563889 0.00052828944
76.581662 0.00028806424
76.599026 0.00055394448
76.616505 0.00048587025
76.633916 0.00064527972
76.651325 0.0011231773
76.66857 0.0010276556
76.685892 0.00074501846
76.70321 0.0008098096
76.720299 0.00081423152
76.737358 0.00089330666
76.754598 0.00056939868
76.771825 0.00060764712
76.788892 0.00077662663
76.806224 0.00073313074
76.823297 0.0010213912
76.840527 0.0011469167
76.857717 0.00067278422
76.87502 0.00075158085
76.892275 0.00081547534
76.909655 0.00086964562
76.926901 0.001014339
76.944287 0.0011317469
76.961453 0.0013721163
76.978688 0.0013350778
76.995993 0.0012956544
77.013477 0.0012540817
77.030684 0.00093378905
77.047873 0.00086748953
77.065126 0.00094461608
77.082225 0.00095670002
77.099443 0.0010348374
77.116523 0.00098341323
77.133448 0.001085935
77.150674 0.00052588043
77.167884 0.00014987045
77.185326 -9.5785317e-005
77.202724 -0.00031823527
77.21994 -0.00036653677
77.2374 -0.00027515601
77.25479 -0.00017933457
77.272203 -0.00024534013
77.289753 -0.00050683577
77.307075 -0.00062951958
77.324433 -0.00090165282
77.342435 -0.001347478
77.359818 -0.0011619137
77.377195 -0.0010340347
77.394478 -0.00088640508
77.411609 -0.00071370567
77.428809 -0.0010545008
77.445964 -0.0012391083
77.463138 -0.0014626693
77.480239 -0.0012348528
77.497431 -0.0010399064
77.514792 -0.00086658386
77.532018 -0.00059568428
77.549034 -0.00073236148
77.566421 -0.00089984835
77.583791 -0.001250354
77.600846 -0.00098645134
77.617922 -0.00094145739
77.634801 -0.00065863396
77.65173 -0.00079488123
77.668751 -0.00045300196
77.685727 -0.00063092665
77.702589 -0.00055462528
77.719469 -0.00056831938
77.736568 -0.00080927819
77.753381 -0.00048291389
77.770182 -0.00034740218
77.787065 -6.9070527e-005
77.804039 -0.00020667232
77.821065 -0.00013932409
77.838092 -0.00019947768
77.855309 1.4215981e-005
77.872327 -0.00011326318
77.889364 -0.00022973997
77.906476 -0.00032263766
77.923423 -0.00036772918
77.94019 7.4577213e-005
77.957334 -9.8039356e-005
77.974414 -0.00012700386
77.991421 -7.4564251e-005
78.008558 -0.00030902605
78.025766 -0.00048405501
78.043 -0.00021191789
78.060186 -0.0003976855
78.077558 -0.00079282757
78.094719 -0.00071842495
78.111977 -0.00056688744
78.129402 -0.00036328078
78.147 -0.00060345695
78.164324 -0.000722829
78.181612 -0.00073578007
78.199078 -0.00084338915
78.216535 -0.00095084202
78.233921 -0.00085185015
78.251546 -0.0009808655
78.268941 -0.00073082233
78.286201 -0.0005000874
78.303657 -0.00010656148
78.320968 -0.00028161641
78.338366 -0.00050588581
78.355618 -0.00074075292
78.37299 -0.00043593857
78.390305 -0.00025028561
78.407656 0.00014674394
78.424883 0.00071979092
78.442079 0.00076439384
78.459146 0.00070989447
78.476383 0.00057440906
78.493501 0.00051409472
78.510789 0.0001367753
78.528032 0.00027162616
78.545197 0.00048076049
78.56246 0.0010639242
78.57969 0.00085958204
78.596897 0.0005240044
78.61413 -7.7493865e-005
78.631307 -0.00019711367
78.648585 -0.00032565133
78.665718 -0.00040369068
78.683076 -0.00043534792
78.700469 -0.00027771089
78.718012 6.7273769e-005
78.735498 0.00013508873
78.752934 -1.7075856e-005
78.770466 -0.00027134896
78.787941 9.2096715e-006
78.805422 0.00049926858
78.822755 0.00084776331
78.840206 0.00091471456
78.85771 0.0011353975
78.875309 0.0016229071
78.892496 0.0020309353
78.90998 0.0021120926
78.927112 0.0019573737
78.944344 0.0018266181
78.961576 0.0020012054
78.97856 0.0019326776
78.995687 0.0017592252
79.012701 0.001731185
79.02993 0.0015110694
79.047161 0.0013303392
79.064231 0.0013477803
79.08121 0.0012232155
79.098459 0.00091795428
79.115525 0.0008293099
79.13271 0.00061305899
79.149828 0.00056941538
79.166965 0.00024258726
79.183939 0.00027291706
79.200968 0.0003159874
79.218454 -4.3963459e-005
79.235691 -0.00023995923
79.252821 -0.00026936395
79.270076 -0.00045128118
79.287348 -0.00063546346
79.304727 -0.00065863896
79.322049 -0.00072996325
79.339313 -0.00052345659
79.356637 -0.00045214443
79.373927 -0.00017739783
79.391461 -0.00013824172
79.408975 -3.3319325e-005
79.426077 0.00019957016
79.443263 0.00048685487
79.460499 0.00053567523
79.477711 0.00042418222
79.495145 0.00029248576
79.512234 0.00018249931
79.529254 0.00014509487
79.546368 6.8306496e-005
79.563463 2.2333108e-005
79.580498 0.00010616548
79.597738 0.00010432342
79.614813 -0.00019330079
79.632175 -0.0012016155
79.649362 -0.0012769575
79.66655 -0.0012490099
79.683558 -0.0011451856
79.700199 -0.00096201289
79.717049 -0.00071345931
79.734058 -0.00058076548
79.751043 -0.00056338225
79.767973 -0.00056805738
79.785012 -0.0010478313
79.801842 -0.0011843743
79.818838 -0.0010646515
79.835591 -0.00037349543
79.852437 -0.00018783286
79.869352 -0.00037325135
79.886454 -0.00060694735

