-3.763725 0.00039940004
-3.745455 0.00030377329
-3.727169 0.00041852674
-3.708875 0.00043742974
-3.690657 0.00034441912
-3.672591 0.00032850201
-3.654404 0.00067119288
-3.636302 0.00045340603
-3.618321 0.00033807748
-3.600155 0.00063490594
-3.582094 0.00065345787
-3.564259 0.00069736468
-3.546253 0.00064998108
-3.528193 0.00034625306
-3.509908 0.00024788351
-3.491615 0.00011100757
-3.47323 0.00017194457
-3.454801 0.00023036335
-3.436407 4.1972928e-005
-3.418003 9.1995748e-005
-3.399535 0.00047197998
-3.38112 0.00062844222
-3.362896 0.00057311409
-3.344578 0.00051144449
-3.326277 0.0010250521
-3.30801 0.0014443395
-3.289864 0.0017104901
-3.271923 0.0018686784
-3.253976 0.0019184237
-3.236171 0.0019049026
-3.218182 0.0019275674
-3.200328 0.002029042
-3.182816 0.0016662984
-3.165111 0.0014628938
-3.147118 0.0015071494
-3.129194 0.0013221224
-3.111412 0.00071620657
-3.093641 0.00019676592
-3.07584 -0.00027182538
-3.057889 -0.00076937704
-3.039911 -0.00092016187
-3.021683 -0.0012382597
-3.003912 -0.0012598887
-2.985941 -0.0016677049
-2.967659 -0.001702556
-2.949555 -0.0018271728
-2.9313 -0.0017835921
-2.912955 -0.0014310108
-2.894604 -0.0013205495
-2.876302 -0.0012113213
-2.857958 -0.0012129569
-2.839725 -0.00092730953
-2.821589 -0.00076196632
-2.803587 -0.00062946966
-2.785391 -0.00056720494
-2.767271 -0.00050863755
-2.749036 -0.00069934829
-2.730817 -0.00073248345
-2.712771 -0.00099834414
-2.694898 -0.0013660876
-2.676781 -0.0014850891
-2.658582 -0.0014877814
-2.640679 -0.0013665262
-2.622601 -0.0014702958
-2.604599 -0.0018013331
-2.586725 -0.0016738728
-2.569156 -0.0017033794
-2.551597 -0.0015747696
-2.534296 -0.0014504771
-2.516803 -0.0014117426
-2.49922 -0.0010538019
-2.481424 -0.00096441107
-2.463856 -0.0008633034
-2.446243 -0.00072394067
-2.428517 -0.0007674036
-2.410864 -0.00072370581
-2.392946 -0.00058424388
-2.375039 -0.0006439419
-2.356828 -0.00090204523
-2.338477 -0.0010686342
-2.320235 -0.001082665
-2.302021 -0.0010006413
-2.284071 -0.00133312
-2.266294 -0.0014122069
-2.24837 -0.0012946686
-2.23046 -0.0013607129
-2.212443 -0.0013169107
-2.194563 -0.00143931
-2.176851 -0.0017554219
-2.158908 -0.0016901311
-2.140958 -0.0016706272
-2.123021 -0.0015708587
-2.104877 -0.0016457076
-2.086734 -0.0018877428
-2.068478 -0.0018046987
-2.049953 -0.0020692804
-2.031452 -0.0026231043
-2.012926 -0.0026329149
-1.994665 -0.00280539
-1.976143 -0.0028408336
-1.957691 -0.0026028463
-1.939488 -0.0028039988
-1.921127 -0.0025660273
-1.903031 -0.0026111195
-1.884994 -0.0025535388
-1.867122 -0.002453435
-1.84921 -0.002614019
-1.831414 -0.0025568447
-1.81361 -0.0022399743
-1.795844 -0.0023816673
-1.777957 -0.0022452177
-1.76023 -0.0019853339
-1.742415 -0.0019939563
-1.724519 -0.0018364224
-1.706673 -0.0017521766
-1.688825 -0.0017396976
-1.671057 -0.0020760656
-1.653124 -0.0022011901
-1.635302 -0.002093752
-1.617536 -0.0020970758
-1.599644 -0.0022741221
-1.581922 -0.0023656793
-1.563987 -0.0022986291
-1.546014 -0.0023687178
-1.527932 -0.0022753835
-1.509999 -0.0022896322
-1.492 -0.0026606665
-1.473803 -0.0028788034
-1.45573 -0.0029483508
-1.437531 -0.0032996559
-1.419259 -0.0032984061
-1.400946 -0.0030192378
-1.38277 -0.0030872698
-1.364481 -0.0032277525
-1.34633 -0.0032655661
-1.328089 -0.0020110443
-1.310035 -0.00017346076
-1.291918 0.0020210168
-1.274028 0.0049733855
-1.256051 0.008065829
-1.237884 0.011609693
-1.219808 0.015163399
-1.201805 0.01815184
-1.183738 0.020848119
-1.165813 0.023378472
-1.147873 0.025615057
-1.129953 0.027422022
-1.111979 0.027625224
-1.094024 0.02694982
-1.075869 0.024986309
-1.057826 0.022004275
-1.03982 0.019025632
-1.021807 0.015436676
-1.003888 0.011992046
-0.985872 0.0088478195
-0.967971 0.0060557532
-0.949822 0.0036530843
-0.931645 0.0016491446
-0.91345 -0.00027461207
-0.895513 -0.0020329158
-0.877453 -0.0035174985
-0.859423 -0.0039775315
-0.841212 -0.0037567494
-0.82313 -0.003671742
-0.804992 -0.0033496304
-0.786957 -0.0033749584
-0.768902 -0.0033371515
-0.750803 -0.0034759324
-0.73291 -0.0036397753
-0.71494 -0.0039244744
-0.697035 -0.004189697
-0.679041 -0.0042441511
-0.661101 -0.0041445712
-0.643364 -0.0042370463
-0.62566 -0.0042634137
-0.607678 -0.0039998305
-0.589736 -0.0040275294
-0.571696 -0.0038870359
-0.553958 -0.0040990983
-0.536351 -0.0042374691
-0.518593 -0.004070824
-0.501082 -0.0039328485
-0.483401 -0.0037538442
-0.465674 -0.0037415719
-0.447969 -0.0036937546
-0.430123 -0.003767498
-0.412227 -0.0037927773
-0.394524 -0.0039719045
-0.376743 -0.0037830685
-0.359044 -0.0038690461
-0.341272 -0.003642356
-0.323226 -0.0036899685
-0.305302 -0.0039446217
-0.28734 -0.0038265467
-0.269579 -0.0038008993
-0.251626 -0.0035560824
-0.233664 -0.0037881678
-0.215384 -0.0036331401
-0.197231 -0.0038995176
-0.179054 -0.0042269951
-0.161105 -0.0044714935
-0.142986 -0.0044140648
-0.124701 -0.0043739274
-0.106643 -0.0040278074
-0.088477 -0.0039422057
-0.070278 -0.0041812764
-0.051934 -0.0043388276
-0.033687 -0.0048412657
-0.015487 -0.0047078392
0.002559 -0.0046954962
0.020858 -0.0045586835
0.03891 -0.0042751409
0.057087 -0.0039562451
0.075187 -0.0037942175
0.093273 -0.003754574
0.111387 -0.0035999919
0.1295 -0.0034130927
0.147515 -0.0034642822
0.165558 -0.0035225661
0.183465 -0.0028050807
0.20142 -0.0019835995
0.219308 -0.00075353422
0.237075 0.00077809356
0.255028 0.002134376
0.272947 0.0031400495
0.290841 0.004257605
0.308615 0.004937734
0.326487 0.005416583
0.344354 0.0062814002
0.362447 0.0079040687
0.380378 0.0089999287
0.3984 0.0094650918
0.416535 0.009133781
0.434494 0.0083388485
0.452438 0.0071012747
0.470371 0.0057902742
0.488063 0.004557984
0.505941 0.0036832578
0.524097 0.0031492364
0.542303 0.0026581701
0.560205 0.0019652549
0.578106 0.00071842294
0.596108 0.00016937243
0.614058 -0.00010946181
0.631867 -0.00044906802
0.649986 -0.00036221907
0.667874 -0.00018019317
0.685965 -2.0710889e-005
0.704233 3.8768349e-005
0.722339 -8.5736766e-005
0.740318 -0.00019627608
0.758238 -0.00062105092
0.776365 -0.00065417568
0.79442 -0.00067927675
0.812499 -0.00073498599
0.830635 -0.00076846192
0.848781 -0.00048234262
0.866781 -0.00051937036
0.884937 -0.0006076399
0.90275 -0.00041810151
0.9208 -0.000222281
0.938912 -0.00016598435
0.95698 -0.00020015361
0.974979 0.00020780538
0.992901 9.2439082e-005
1.010855 0.00012284599
1.028859 -3.1971536e-005
1.046812 -0.00038667466
1.064748 -0.00065336465
1.082661 -0.0010293825
1.100611 -0.001104374
1.118792 -0.0016924833
1.136843 -0.0018369271
1.15479 -0.0017592536
1.172704 -0.0016944923
1.190705 -0.0017499312
1.208769 -0.0013799192
1.226923 -0.0011449509
1.245046 -0.0012738027
1.26312 -0.0015584861
1.281218 -0.0013999205
1.299217 -0.0012759915
1.317295 -0.0015777453
1.335214 -0.0013424984
1.353118 -0.0013911992
1.371098 -0.001507763
1.389195 -0.0015639028
1.407264 -0.0015897308
1.425168 -0.001824908
1.443166 -0.0017159594
1.46114 -0.0016434846
1.479086 -0.0011977103
1.496797 -0.0012362033
1.514567 -0.0012245393
1.53231 -0.0010485261
1.549983 -0.00094456724
1.567826 -0.0006662642
1.585614 -0.00051718484
1.603281 -0.00044601453
1.620869 -0.00021740908
1.638656 -0.00011285743
1.6563 -0.00027744739
1.673852 -0.00023233296
1.691562 -0.00032557176
1.709535 -0.00058531613
1.727507 -0.00051929436
1.745359 -0.00047114198
1.763499 -0.00058412029
1.781624 -0.0010171235
1.79947 -0.0012558605
1.817356 -0.0014035573
1.835353 -0.0017352635
1.853486 -0.0019135933
1.871516 -0.002230857
1.889673 -0.002310253
1.907721 -0.0021179193
1.925709 -0.0018181283
1.943677 -0.0019386551
1.961729 -0.0021367175
1.979581 -0.0022371098
1.99733 -0.0021464349
2.015455 -0.0024120714
2.033634 -0.0025229251
2.051848 -0.0024390549
2.069819 -0.0023259028
2.087939 -0.0021256959
2.106098 -0.0022445476
2.124227 -0.0023562899
2.142365 -0.0024627593
2.160517 -0.0024916801
2.178635 -0.002515716
2.196846 -0.002033825
2.215078 -0.0018500033
2.233235 -0.0014335734
2.251202 -0.00096090547
2.269089 -0.00065589957
2.287026 -0.00066435353
2.304875 -0.00039891142
2.322606 0.00014276859
2.340331 0.00018688904
2.358041 0.00028295147
2.37573 0.00028262389
2.39345 0.00063478247
2.411105 0.0004621172
2.428625 0.00053876038
2.446277 0.00036747345
2.464231 0.00027464424
2.481961 -0.00010579693
2.499801 -0.00021539511
2.517805 -0.00035117333
2.535805 -0.00057741241
2.553895 -0.00027092469
2.571979 -0.00011401084
2.589964 -0.00016180085
2.608102 -0.00014039343
2.626196 9.8343561e-005
2.644401 0.0002729557
2.662599 0.00049093572
2.680573 0.00061632841
2.69867 0.00091325607
2.716783 0.0011078216
2.734877 0.0011230976
2.752985 0.0013849014
2.770901 0.0010348969
2.788967 0.00095490702
2.807172 0.001153321
2.825115 0.0011600837
2.843071 0.00091932369
2.861112 0.00050999821
2.879029 0.00024962014
2.897083 9.5328786e-006
2.915171 -0.00022492543
2.933009 -0.0003143496
2.950692 -0.00036351421
2.968457 -0.00053740545
2.986402 -0.00055264862
3.004358 -0.00082052087
3.022278 -0.00072159961
3.040117 -0.00093735012
3.058057 -0.0013967916
3.075844 -0.0014938477
3.093725 -0.001365978
3.111387 -0.0014143315
3.129132 -0.0011443592
3.147232 -0.00082716969
3.165216 -0.00067155946
3.183146 -0.00060012985
3.201036 -0.00061411181
3.218857 -0.00070908931
3.236747 -0.00063551106
3.254739 -0.00044357405
3.272731 -0.00014485717
3.290767 2.7045624e-005
3.308568 2.4887955e-005
3.326732 0.00059634999
3.344887 0.0011831009
3.362651 0.0011282816
3.380729 0.0010073982
3.398692 0.0010360239
3.416722 0.00099009641
3.434701 0.0013301763
3.452645 0.0012431397
3.470824 0.0009677146
3.488922 0.0011586637
3.506785 0.0013405955
3.524761 0.0014704874
3.542277 0.0012951117
3.559653 0.00095991956
3.57737 0.0006931186
3.595016 0.00087726069
3.612699 0.0010172304
3.630254 0.00083304515
3.648041 0.00079830573
3.665936 0.00068325823
3.683503 0.0011641779
3.701155 0.0012625438
3.719116 0.0013425382
3.736843 0.0016906251
3.754984 0.001658045
3.773157 0.0013210215
3.791238 0.0017498162
3.809209 0.0017874554
3.827254 0.001734941
3.845268 0.0024095688
3.863217 0.0027084951
3.88091 0.0028823517
3.898735 0.0024832132
3.916452 0.0021230497
3.934159 0.0019731848
3.952181 0.0013932573
3.97017 0.0011193789
3.987986 0.00098495764
4.005602 0.0007845353
4.023369 0.00074615436
4.041129 0.0008222455
4.059014 0.0006239673
4.076785 0.00030136299
4.094668 0.0001946864
4.112557 0.00044519249
4.130423 0.00075331179
4.148235 0.0011093673
4.16611 0.0015217001
4.183731 0.0016831417
4.201761 0.0018076036
4.219874 0.0019614271
4.237688 0.0018839314
4.25546 0.0016810368
4.273264 0.0017377517
4.29107 0.0018204538
4.309003 0.0014139091
4.327109 0.0013726063
4.345033 0.0014813388
4.363114 0.0012644497
4.381018 0.0011618734
4.398869 0.0010873212
4.416793 0.0011126098
4.434904 0.0010859038
4.453084 0.0011908228
4.471338 0.001396638
4.489557 0.0013744591
4.507731 0.0013817482
4.525706 0.0016851863
4.54367 0.0015879374
4.562028 0.0012638865
4.58027 0.0010914768
4.598396 0.00086471228
4.616755 0.00098344883
4.634872 0.00088002978
4.652872 0.00061921172
4.670863 0.00051883086
4.688821 2.959364e-005
4.706841 -0.00021736767
4.724863 -0.000198291
4.742982 -6.1045167e-005
4.76089 -8.925616e-005
4.77863 -0.00029059825
4.796227 2.2819349e-006
4.813999 0.000307552
4.831733 0.00032271653
4.849387 0.0003675114
4.86701 0.00018858385
4.884814 0.00012437665
4.902478 0.00032956909
4.920333 0.00079702481
4.938234 0.00090092103
4.956037 0.00089949034
4.973998 0.0010765474
4.991914 0.0014411418
5.009873 0.0015340234
5.027738 0.0015608037
5.045599 0.0018733405
5.063583 0.0021224871
5.081731 0.002460457
5.099826 0.0023785466
5.117826 0.002418493
5.135654 0.0023061454
5.153461 0.0023456514
5.17138 0.0024141871
5.18915 0.0023536769
5.207062 0.0022228192
5.224991 0.0018268739
5.243066 0.0015898013
5.261168 0.0012011853
5.279177 0.0010915555
5.296942 0.00084976967
5.314758 0.00083174175
5.332667 0.00099473956
5.350614 0.00090979888
5.368644 0.00073034948
5.386513 0.00077423205
5.404462 0.00077544873
5.422485 0.00073467846
5.440658 0.00075302374
5.458651 0.001188685
5.476588 0.0011673534
5.494639 0.0010802026
5.512765 0.0013111314
5.530733 0.0017015712
5.548615 0.0015044082
5.566308 0.0020180864
5.583993 0.0025453737
5.601787 0.002709586
5.619609 0.0031923551
5.637084 0.003408445
5.654512 0.0038380465
5.672117 0.0038842518
5.689757 0.0042043997
5.707438 0.0046288166
5.72516 0.004788505
5.742827 0.0044912846
5.760824 0.0046099439
5.77867 0.0040625168
5.796439 0.0036539999
5.814191 0.0037416345
5.831971 0.003367853
5.849945 0.0033996239
5.867961 0.0031747414
5.885847 0.0033579168
5.903659 0.0033701758
5.921346 0.0035387641
5.939049 0.0032753009
5.95707 0.0013021086
5.974971 -0.0027104775
5.993057 -0.0062919717
6.011002 -0.0089619912
6.029123 -0.011654399
6.047245 -0.01424165
6.065402 -0.016840906
6.083266 -0.0188869
6.101279 -0.020813731
6.119395 -0.021562882
6.137361 -0.022034035
6.155273 -0.021525996
6.17305 -0.018744149
6.190759 -0.013851867
6.208767 -0.0097252866
6.226906 -0.006710494
6.244741 -0.0040670335
6.262445 -0.00096354255
6.280232 0.0019855664
6.298287 0.0044973161
6.316153 0.0063159611
6.333886 0.006931533
6.351951 0.0072872243
6.369928 0.0073712859
6.387896 0.0068709991
6.405813 0.0063050892
6.423528 0.0058893712
6.441319 0.0055029149
6.4594 0.0053403289
6.477413 0.0049142059
6.495412 0.0049014754
6.513177 0.0047402032
6.531035 0.0043511288
6.548876 0.0046402868
6.566721 0.0049268184
6.584634 0.0051132001
6.602474 0.0054147797
6.620384 0.0056043227
6.638303 0.0057095198
6.656049 0.0061674859
6.673748 0.0065780641
6.691589 0.0057865258
6.709342 -0.0011546245
6.7272 -0.0097048954
6.745075 -0.017217067
6.763148 -0.024054294
6.781048 -0.029461747
6.799007 -0.03104081
6.816859 -0.029977511
6.834834 -0.028641334
6.852827 -0.02727299
6.87094 -0.026590922
6.888854 -0.025989496
6.90661 -0.024389484
6.924436 -0.017131469
6.942279 -0.0081843342
6.960209 -2.0262783e-005
6.978184 0.0071574604
6.99605 0.012474442
7.013945 0.013996206
7.031987 0.013149191
7.049854 0.011864836
7.067656 0.01092514
7.085573 0.010320925
7.103613 0.0098596355
7.121612 0.0097923211
7.139647 0.0094001876
7.157652 0.0092066324
7.175608 0.0089636179
7.193296 0.0089291753
7.21127 0.0088665796
7.229218 0.0088197841
7.247111 0.0086742033
7.264999 0.0086295717
7.282899 0.0084298205
7.300733 0.0086786832
7.318648 0.008667205
7.336568 0.0082702295
7.354523 0.0087174011
7.372509 0.0088135035
7.390417 0.0088625672
7.408456 0.0089950442
7.426282 0.0091900843
7.44423 0.0094770484
7.462075 0.0096686028
7.480077 0.0099980074
7.498143 0.010108167
7.516206 0.0098914084
7.534019 0.010240173
7.55203 0.010643052
7.569594 0.010399628
7.587257 0.01056788
7.604884 0.010860396
7.622468 0.01112679
7.640076 0.011538745
7.657645 0.011883798
7.675244 0.012126745
7.692841 0.012380827
7.710427 0.01264555
7.727941 0.013176556
7.745594 0.013229462
7.763147 0.013226112
7.781015 0.013520364
7.798837 0.013604341
7.816678 0.013854624
7.834402 0.013831716
7.852366 0.013876303
7.869958 0.013860634
7.887808 0.013676458
7.905583 0.013169407
7.923171 0.013312295
7.940822 0.013416922
7.958481 0.013658251
7.976164 0.01408517
7.993903 0.014209448
8.01165 0.014241435
8.029397 0.01433469
8.047246 0.014364855
8.065086 0.014172796
8.083093 0.014115252
8.10102 0.014413559
8.118932 0.014924313
8.136926 0.014976887
8.15482 0.014738201
8.172703 0.014483185
8.190553 0.014148619
8.208478 0.01428849
8.226358 0.014174148
8.244203 0.014135146
8.262285 0.014179578
8.279955 0.014231426
8.297761 0.014416104
8.315378 0.014523565
8.333024 0.014508914
8.350864 0.014545323
8.368644 0.015120682
8.386306 0.015515761
8.40401 0.015802458
8.421743 0.01603405
8.439781 0.016402902
8.457741 0.016483706
8.475496 0.016485384
8.49352 0.016467334
8.511481 0.016315069
8.529501 0.016470386
8.547665 0.016749028
8.565663 0.017084713
8.583713 0.016698596
8.6019 0.016571422
8.620293 0.016783052
8.638379 0.016836849
8.656159 0.016882855
8.674194 0.0165514
8.692136 0.016341047
8.710117 0.016018171
8.728053 0.015808078
8.746145 0.015861009
8.763943 0.015843792
8.781658 0.016190223
8.79977 0.016517174
8.817794 0.0168565
8.835434 0.017117616
8.85333 0.017286367
8.871181 0.017861894
8.889064 0.018462513
8.906912 0.019235466
8.924759 0.020454661
8.942532 0.021095
8.960306 0.02116769
8.978282 0.021655019
8.996144 0.022100247
9.013774 0.022489737
9.031579 0.022548354
9.049513 0.02277952
9.0673 0.023195721
9.085186 0.023410787
9.102953 0.023924456
9.12101 0.024282745
9.138994 0.024358229
9.157244 0.024562999
9.175233 0.024640376
9.193005 0.024726825
9.211099 0.024512724
9.228991 0.024378538
9.246856 0.023934129
9.264839 0.023846676
9.283038 0.023811718
9.301058 0.023950964
9.319038 0.023931254
9.33679 0.023961966
9.354493 0.023969204
9.372147 0.024101964
9.389769 0.024669206
9.407784 0.024730966
9.425606 0.024704109
9.443428 0.024957547
9.461236 0.025719489
9.47903 0.025892934
9.496758 0.026209934
9.514658 0.026154971
9.532529 0.026392662
9.550444 0.026434144
9.568526 0.026638393
9.586417 0.02671211
9.604468 0.026559202
9.622166 0.026763559
9.639829 0.027281217
9.657458 0.027489232
9.675049 0.027847374
9.692488 0.028211163
9.710003 0.028158551
9.727398 0.028355398
9.745015 0.028267147
9.762473 0.028663134
9.779776 0.029087579
9.797262 0.029661713
9.814765 0.030025093
9.832343 0.030415022
9.85004 0.03057501
9.867991 0.030889755
9.885825 0.031334123
9.903854 0.031574895
9.921601 0.032062876
9.939482 0.032265785
9.957249 0.032468475
9.975213 0.032336692
9.993109 0.032409315
10.01079 0.032658944
10.028415 0.033003652
10.046269 0.032692721
10.06408 0.032779615
10.08179 0.032940013
10.099578 0.032873149
10.117194 0.032996724
10.134898 0.033000606
10.152616 0.033428564
10.170199 0.033996066
10.187629 0.034223076
10.205423 0.0342172
10.223133 0.034179785
10.241054 0.034151733
10.258694 0.034689849
10.276343 0.034968749
10.293981 0.035079284
10.311913 0.035086952
10.32999 0.035121214
10.34793 0.03517789
10.365713 0.035150824
10.38369 0.034920166
10.401687 0.035020928
10.419538 0.035557573
10.437699 0.035870301
10.4557 0.036114106
10.473657 0.036364648
10.491695 0.036562117
10.509709 0.037027472
10.527599 0.037650958
10.545392 0.038123121
10.563299 0.038568106
10.581327 0.038638321
10.599017 0.039526326
10.617002 0.039986583
10.634907 0.040186488
10.652694 0.040288847
10.670577 0.040730993
10.688543 0.041285181
10.70657 0.041576143
10.724427 0.041809549
10.742273 0.041544571
10.760085 0.041575878
10.77798 0.042096225
10.795814 0.042860295
10.813772 0.043017775
10.83169 0.043320191
10.84945 0.043216718
10.867237 0.043530045
10.884976 0.043633836
10.902727 0.043621558
10.920462 0.043634589
10.938328 0.043977437
10.956137 0.044708221
10.974076 0.045242767
10.991945 0.045433495
11.009717 0.045372837
11.027511 0.045259684
11.045243 0.045755166
11.062987 0.04644157
11.080882 0.046972953
11.098527 0.047166067
11.116456 0.046885874
11.134175 0.047285724
11.151783 0.047045352
11.169467 0.046948607
11.187109 0.046819641
11.204649 0.046640965
11.222249 0.046743985
11.240013 0.046891742
11.257896 0.046590625
11.27585 0.046568849
11.29378 0.046170893
11.312009 0.046409533
11.329693 0.047253701
11.347597 0.047261869
11.365526 0.0476077
11.383358 0.048152094
11.401247 0.04855101
11.419084 0.048907103
11.436901 0.049336233
11.45476 0.049691008
11.472428 0.050363858
11.490178 0.050723678
11.507724 0.051237807
11.525248 0.051415843
11.54313 0.051189929
11.561073 0.051735763
11.579061 0.052196413
11.596949 0.052316424
11.614716 0.052616565
11.632706 0.053024899
11.650737 0.053207813
11.668542 0.053113725
11.686128 0.053132036
11.703614 0.053121684
11.72122 0.053764509
11.738593 0.054272901
11.755912 0.055050305
11.773264 0.0552668
11.790621 0.055542751
11.808117 0.055616985
11.825639 0.055936902
11.843242 0.056471715
11.860792 0.056638592
11.878434 0.057228007
11.896296 0.057561446
11.91413 0.05776941
11.931996 0.057812406
11.949849 0.0582208
11.96791 0.058517522
11.985829 0.058828093
12.003617 0.058759151
12.021344 0.05907079
12.039122 0.059261563
12.056673 0.059170192
12.074277 0.059557067
12.091914 0.060226017
12.109612 0.060612681
12.127439 0.061263043
12.145232 0.061322553
12.16312 0.061267768
12.180751 0.061663059
12.198369 0.061854721
12.216249 0.062396873
12.234098 0.063430341
12.251987 0.064401285
12.269856 0.064838186
12.287805 0.065202908
12.305633 0.065196658
12.323375 0.065486487
12.341052 0.065539624
12.358868 0.065847035
12.376811 0.066244019
12.394775 0.066101353
12.412583 0.066423648
12.430299 0.066850655
12.448108 0.066598232
12.465838 0.066018281
12.483545 0.065926087
12.501376 0.06606228
12.519275 0.066244573
12.537228 0.066330142
12.555057 0.06681753
12.572813 0.067284728
12.590565 0.067644788
12.608313 0.068003709
12.626332 0.068235651
12.644362 0.068453334
12.662271 0.068951997
12.680263 0.06955463
12.698047 0.070591124
12.715794 0.071076527
12.733582 0.071504424
12.751362 0.071863933
12.769304 0.072213049
12.787118 0.072577717
12.804836 0.072864814
12.822568 0.07322881
12.840194 0.073409642
12.857945 0.073617898
12.875638 0.073441811
12.89315 0.073449141
12.910946 0.073035246
12.928708 0.073075414
12.94652 0.073696587
12.96432 0.074202115
12.982144 0.074484114
12.999984 0.074784111
13.017769 0.075040927
13.035768 0.075754393
13.053653 0.076613202
13.071431 0.077564761
13.089168 0.078258954
13.107046 0.079036495
13.124982 0.079857495
13.142778 0.080927295
13.160599 0.081357608
13.178267 0.082058951
13.195878 0.082491974
13.213703 0.083083633
13.231556 0.083907975
13.249111 0.084181799
13.266784 0.084542602
13.284326 0.084517717
13.302069 0.085141696
13.319825 0.085749464
13.33755 0.08626143
13.355283 0.086542887
13.373034 0.086883423
13.390925 0.087263222
13.408835 0.087994157
13.426394 0.08835843
13.444155 0.088426612
13.462023 0.088801108
13.479721 0.089208598
13.497717 0.089631647
13.515683 0.089808934
13.533649 0.089853224
13.551614 0.090083456
13.569551 0.090343036
13.587441 0.090693846
13.605342 0.090930299
13.623178 0.091210916
13.641041 0.091898115
13.658803 0.093084354
13.676524 0.093867167
13.694338 0.094319443
13.711778 0.095264675
13.729215 0.096396714
13.746587 0.098223905
13.763878 0.099644306
13.781342 0.10064687
13.799045 0.10133049
13.816568 0.10216949
13.834008 0.10298957
13.851604 0.1034968
13.8692 0.10378001
13.886668 0.10425064
13.904201 0.10469807
13.921962 0.10493489
13.939569 0.1051066
13.957217 0.10476269
13.975092 0.10466209
13.992733 0.10510268
14.009998 0.10592009
14.027513 0.10637117
14.045052 0.10689861
14.062751 0.10746542
14.080622 0.10754331
14.098286 0.10830495
14.116054 0.10927166
14.133861 0.10987861
14.151819 0.11047438
14.169759 0.11085203
14.187502 0.11147302
14.205498 0.11192883
14.223496 0.11224069
14.241261 0.11276478
14.259254 0.1129342
14.277073 0.11319532
14.294635 0.11386225
14.312439 0.11356233
14.330242 0.11349128
14.348043 0.11406903
14.365844 0.1146827
14.383451 0.11506588
14.401449 0.11582696
14.41925 0.11583138
14.437055 0.11621094
14.454876 0.11667035
14.472625 0.11747944
14.490361 0.11822867
14.508233 0.11905279
14.526225 0.12023587
14.543942 0.1211897
14.561749 0.12141471
14.579561 0.12189491
14.597531 0.12262028
14.614992 0.12305166
14.632697 0.12432427
14.650432 0.12502952
14.668369 0.12593253
14.686134 0.12652232
14.704031 0.12696575
14.721841 0.12728495
14.739405 0.12783461
14.757228 0.12821034
14.77501 0.12913555
14.792829 0.1297978
14.810706 0.13050134
14.828746 0.1308033
14.846589 0.13100358
14.864436 0.13184897
14.882306 0.13226158
14.900247 0.13266221
14.91811 0.13341713
14.935773 0.1342852
14.953777 0.13495612
14.971575 0.13574882
14.9891 0.1363724
15.006672 0.13689358
15.024195 0.13730276
15.041745 0.13789238
15.059282 0.1383301
15.076887 0.13828765
15.094512 0.13820123
15.112148 0.1382043
15.129713 0.13828807
15.147539 0.13718395
15.165343 0.1365074
15.183065 0.13660888
15.201181 0.13645226
15.218852 0.13662544
15.236698 0.1366207
15.254728 0.13692755
15.272505 0.13737244
15.29043 0.13777282
15.308212 0.13846467
15.326197 0.1392372
15.34408 0.14018661
15.36193 0.14270692
15.379841 0.14523661
15.39768 0.14723692
15.415355 0.14906348
15.433427 0.15013903
15.451199 0.1513979
15.468783 0.15238961
15.486398 0.15314396
15.504153 0.15398229
15.521857 0.15492646
15.539415 0.15568194
15.557011 0.15610145
15.574629 0.15623705
15.592222 0.15580701
15.609761 0.15528364
15.627305 0.15482237
15.644837 0.15512021
15.662605 0.1555656
15.680369 0.15610256
15.698423 0.15673019
15.716154 0.15693583
15.733828 0.15724795
15.751336 0.15818722
15.768925 0.158707
15.786544 0.15903732
15.803937 0.1592733
15.821738 0.15949379
15.839336 0.16022328
15.856982 0.16032635
15.874593 0.16050618
15.892064 0.16074867
15.909485 0.16104405
15.926864 0.16143479
15.944414 0.16187624
15.962133 0.16186828
15.979869 0.16207709
15.997423 0.16263713
16.015143 0.16318258
16.032636 0.16351465
16.05029 0.16344483
16.067926 0.16413874
16.085568 0.16476278
16.10333 0.16529754
16.121111 0.16590218
16.1389 0.16676905
16.156625 0.16725998
16.174346 0.16783646
16.19205 0.16888771
16.209753 0.16959568
16.227411 0.17043381
16.245189 0.17152664
16.262922 0.17298664
16.280511 0.17364108
16.2981 0.17443028
16.315747 0.17518659
16.333334 0.17582921
16.351087 0.17655616
16.368785 0.1774477
16.386343 0.17820292
16.403954 0.17850396
16.421966 0.17888788
16.439893 0.17936264
16.457933 0.17977467
16.475906 0.18014657
16.493865 0.18038641
16.511801 0.18100567
16.529705 0.18170683
16.547613 0.18235596
16.565395 0.18317658
16.583164 0.1840332
16.601117 0.18465314
16.618927 0.1854646
16.636453 0.18609247
16.654092 0.18682058
16.671531 0.18743093
16.688927 0.18807057
16.706542 0.18913454
16.724283 0.18987148
16.742003 0.19023595
16.759874 0.19103383
16.77754 0.19175868
16.795208 0.19177937
16.813002 0.19243403
16.830968 0.19324229
16.848863 0.19394819
16.866712 0.19467519
16.884597 0.19552098
16.902807 0.19630711
16.920923 0.19705257
16.93878 0.19755992
16.956621 0.19817808
16.974283 0.19859772
16.992146 0.19906858
17.010205 0.20015838
17.028012 0.20153948
17.04579 0.20198465
17.063471 0.202708
17.081341 0.20359686
17.099112 0.2043638
17.116756 0.2052402
17.134334 0.20579456
17.151907 0.20661936
17.169621 0.20769193
17.187489 0.20853299
17.205322 0.20959178
17.22293 0.21028246
17.240664 0.21013104
17.258212 0.21060874
17.275956 0.21136332
17.29354 0.21203651
17.311256 0.21274294
17.328826 0.21333677
17.346421 0.21400474
17.364174 0.21468141
17.38175 0.21520774
17.399326 0.21596178
17.416896 0.2165592
17.43453 0.21714597
17.452171 0.21788286
17.469802 0.21943589
17.487474 0.22020496
17.505115 0.22022798
17.52286 0.22071261
17.540556 0.22102818
17.558204 0.22143473
17.575893 0.22194632
17.593506 0.22246131
17.611223 0.22302591
17.629103 0.22371544
17.647046 0.22492424
17.664632 0.22617754
17.682521 0.22654769
17.700053 0.22737535
17.717856 0.22858004
17.735552 0.2298184
17.75332 0.23114352
17.771113 0.23267376
17.788727 0.2341346
17.806379 0.23530329
17.823735 0.23664698
17.841077 0.2375296
17.858408 0.23843031
17.876007 0.23934886
17.893467 0.24029427
17.910956 0.24138203
17.928545 0.24264814
17.946102 0.24334815
17.963625 0.24407396
17.981153 0.24494076
17.998779 0.24534278
18.016454 0.24637327
18.034281 0.24679701
18.051907 0.24758015
18.069598 0.24787864
18.087347 0.2483181
18.105042 0.24883623
18.122866 0.24918131
18.140438 0.24957493
18.158127 0.25007084
18.175799 0.25082049
18.193476 0.25163212
18.211069 0.25278175
18.228676 0.25308288
18.246413 0.25404299
18.264383 0.25483686
18.282193 0.25572346
18.299922 0.25631823
18.317654 0.25679287
18.335507 0.25738898
18.353254 0.25743386
18.370974 0.25719093
18.388793 0.25740324
18.406507 0.25758638
18.424411 0.25807385
18.442353 0.25921713
18.459973 0.25999813
18.477508 0.26097909
18.495136 0.26234395
18.512796 0.26440131
18.530526 0.26617628
18.548301 0.26761246
18.566077 0.2695554
18.583809 0.27166659
18.601387 0.27303791
18.619072 0.2744419
18.636743 0.27454682
18.654328 0.27425965
18.672005 0.27390332
18.689664 0.2735217
18.707337 0.27302857
18.724928 0.27233258
18.742482 0.27234626
18.759919 0.27265914
18.777543 0.27267313
18.795217 0.27257461
18.812895 0.27335803
18.83071 0.27399376
18.848487 0.27560108
18.86628 0.27749401
18.884113 0.27944086
18.902078 0.28103374
18.919863 0.28240035
18.937646 0.28370455
18.955549 0.28521112
18.97354 0.28648126
18.991318 0.28739332
19.008984 0.2885219
19.026791 0.28862
19.044414 0.28849763
19.061932 0.28824918
19.079584 0.28783486
19.097269 0.28777708
19.114809 0.28787101
19.132466 0.28829113
19.150284 0.28871086
19.167874 0.28874272
19.185487 0.28951758
19.203215 0.2908105
19.220935 0.29229371
19.238679 0.29363296
19.25642 0.29578477
19.274295 0.29773468
19.292065 0.30014654
19.309866 0.30220982
19.327689 0.30448604
19.345571 0.30668123
19.363357 0.30836886
19.381164 0.31001137
19.398934 0.31122158
19.41649 0.31264275
19.433987 0.31394442
19.45179 0.31537963
19.469462 0.31642238
19.487296 0.31773976
19.505052 0.31850959
19.522704 0.31963545
19.540338 0.32074106
19.558053 0.32146885
19.575718 0.32284563
19.593414 0.32425386
19.611061 0.32556814
19.628921 0.32710484
19.646817 0.32880024
19.664309 0.33088126
19.68208 0.3324043
19.699566 0.33373049
19.717162 0.33545245
19.73478 0.33710036
19.752408 0.33845857
19.7699 0.34012309
19.787584 0.34133886
19.805236 0.34218864
19.822881 0.34270879
19.840308 0.34323878
19.857732 0.34342238
19.875225 0.3435145
19.892563 0.34371093
19.910025 0.34428588
19.927366 0.34485301
19.944875 0.34509106
19.962321 0.34553944
19.97977 0.34577276
19.997174 0.34594739
20.014602 0.34654111
20.03203 0.34745459
20.049629 0.34803516
20.067193 0.3490836
20.084822 0.34993734
20.102404 0.3511473
20.120052 0.35214562
20.137659 0.35286149
20.155385 0.35345961
20.172901 0.35420108
20.190402 0.35492251
20.207997 0.35587484
20.225631 0.35652407
20.243251 0.35730931
20.260885 0.3580431
20.278654 0.35887201
20.296337 0.35977802
20.314022 0.36018794
20.331757 0.36080235
20.349517 0.3614529
20.366966 0.36268637
20.384637 0.36334168
20.402377 0.36376352
20.419986 0.36438406
20.437637 0.36495366
20.455151 0.36555464
20.472946 0.36611264
20.490557 0.36610547
20.508362 0.36677461
20.526224 0.36790664
20.543828 0.3689685
20.561568 0.37013952
20.579284 0.37099305
20.596987 0.37246469
20.61464 0.37412243
20.63227 0.37535274
20.650074 0.37649227
20.667838 0.37774244
20.685265 0.37885722
20.70291 0.3805326
20.720554 0.38138875
20.738254 0.38226274
20.756046 0.38316352
20.773754 0.38396858
20.791633 0.3846707
20.809417 0.38498951
20.827219 0.38522912
20.845076 0.38599053
20.862732 0.38685492
20.88055 0.38759388
20.898496 0.38855857
20.916448 0.38903042
20.934023 0.38986778
20.951598 0.39045298
20.969121 0.39116422
20.986856 0.39193073
21.004276 0.39272112
21.02191 0.39362888
21.039776 0.39501798
21.057379 0.39580277
21.075053 0.39681623
21.092673 0.39785464
21.110291 0.3990438
21.127833 0.40044472
21.145594 0.40125729
21.163484 0.40270566
21.181337 0.40285489
21.198978 0.40365958
21.216928 0.40498776
21.234743 0.40628453
21.252269 0.40731765
21.269974 0.40861725
21.287793 0.41003885
21.305699 0.41134
21.323475 0.41216404
21.341255 0.41324017
21.358853 0.41491841
21.3764 0.41597778
21.394147 0.41861379
21.411861 0.4202159
21.42945 0.42136619
21.447151 0.42230739
21.464917 0.42349596
21.482724 0.42431362
21.500299 0.42514774
21.517965 0.42601663
21.5356 0.42717975
21.553206 0.42805823
21.571041 0.42898688
21.588664 0.42963608
21.606097 0.42976299
21.623734 0.43033075
21.641373 0.43112853
21.658968 0.43155986
21.676611 0.43206368
21.6943 0.43265788
21.71202 0.43338067
21.729672 0.43420073
21.747339 0.43491951
21.764956 0.43582354
21.782417 0.43629814
21.79994 0.437283
21.817702 0.43808058
21.835173 0.43919152
21.852663 0.4397324
21.870234 0.44117056
21.88744 0.44230312
21.904628 0.44370065
21.921815 0.44486307
21.938923 0.44568122
21.956165 0.44701749
21.97344 0.44803947
21.990982 0.44919271
22.008616 0.45006883
22.025937 0.45081214
22.043435 0.45147989
22.060866 0.45261301
22.078241 0.4533861
22.095915 0.45395516
22.113532 0.45369013
22.13114 0.45336759
22.148911 0.45462774
22.166563 0.4555605
22.184271 0.45660823
22.201829 0.4572979
22.219352 0.45795869
22.236839 0.45959952
22.254432 0.46040402
22.272157 0.46134656
22.289935 0.46217993
22.30772 0.46361466
22.325587 0.46555377
22.343397 0.46760483
22.361128 0.46853566
22.378879 0.46873355
22.396776 0.46893226
22.414516 0.46978257
22.432148 0.47084611
22.450026 0.47179981
22.467722 0.47315479
22.48532 0.47355854
22.502857 0.47430204
22.520302 0.47481663
22.537818 0.47555904
22.555403 0.47613416
22.572886 0.47630785
22.590367 0.47729546
22.607837 0.4782525
22.625403 0.47906272
22.64306 0.47999583
22.660635 0.4800596
22.678136 0.47974843
22.695769 0.48038738
22.7134 0.48133826
22.731392 0.48193751
22.748969 0.48239758
22.766573 0.48335416
22.784367 0.48407396
22.802092 0.48495411
22.819743 0.48562037
22.837457 0.48634105
22.855113 0.48674469
22.872734 0.48759351
22.890518 0.48850214
22.908349 0.48924235
22.926159 0.4890305
22.943694 0.489985
22.961483 0.49092118
22.979254 0.49126747
22.996903 0.49205831
23.014678 0.49268298
23.032417 0.49336781
23.050017 0.49388427
23.067651 0.49454564
23.085492 0.49480821
23.103222 0.49596792
23.120665 0.49704133
23.138192 0.49841335
23.155627 0.49854753
23.1732 0.49920921
23.190653 0.49971756
23.208208 0.50012149
23.225667 0.50057038
23.243052 0.5013084
23.260618 0.50189426
23.278409 0.50264531
23.296019 0.50364076
23.313608 0.50402921
23.331408 0.50417111
23.349068 0.50458563
23.366864 0.50544257
23.384664 0.50561287
23.402496 0.50618503
23.420307 0.50701819
23.438263 0.5076773
23.455801 0.50867207
23.473683 0.50915349
23.491168 0.50962571
23.508771 0.50948942
23.526433 0.50970045
23.544027 0.50984199
23.561415 0.50966459
23.579063 0.51000134
23.596422 0.51056369
23.614241 0.51128197
23.631971 0.51138062
23.649483 0.51160571
23.667525 0.51126151
23.685099 0.51162828
23.702757 0.51199375
23.720287 0.5128035
23.73797 0.51358767
23.755619 0.5145132
23.77345 0.51560973
23.791055 0.51610926
23.808903 0.51683509
23.8263 0.51737778
23.843725 0.51806217
23.861398 0.51839614
23.87884 0.51847584
23.896508 0.51871194
23.914058 0.51913887
23.931603 0.51944874
23.948891 0.51957493
23.966267 0.51957008
23.983732 0.51987625
24.001117 0.5202303
24.018459 0.52012224
24.035859 0.51984454
24.053397 0.51992852
24.070664 0.52027605
24.088052 0.52092436
24.105434 0.52119856
24.122844 0.52127551
24.140239 0.52143988
24.15789 0.52156735
24.175505 0.52215111
24.193038 0.52233667
24.210544 0.52235001
24.228036 0.52275583
24.245549 0.52325003
24.262946 0.52342019
24.280429 0.52380527
24.297702 0.52501419
24.315019 0.52525776
24.332733 0.52500015
24.35039 0.52499671
24.368029 0.52497555
24.38559 0.52510043
24.403021 0.5249605
24.420532 0.52506219
24.438131 0.52498395
24.45574 0.52487452
24.473419 0.52479019
24.491157 0.52464536
24.508877 0.52363884
24.526603 0.52346893
24.544322 0.52394394
24.562005 0.52399928
24.579628 0.52438064
24.59727 0.52429634
24.615127 0.52435907
24.63298 0.5242139
24.65076 0.52407505
24.66851 0.52418688
24.686159 0.52435349
24.70378 0.52419989
24.721622 0.52397469
24.739306 0.52362617
24.756749 0.52288078
24.774387 0.52274938
24.792036 0.5220519
24.809714 0.52157734
24.827278 0.52166287
24.844942 0.5215142
24.862572 0.521498
24.880175 0.52126465
24.897887 0.52075363
24.915619 0.52012804
24.933213 0.51986822
24.950982 0.52000136
24.968621 0.52038971
24.986168 0.52074134
25.003824 0.52125932
25.021587 0.52162554
25.039472 0.52129683
25.057071 0.52089875
25.074583 0.52069923
25.092191 0.52058136
25.109688 0.52069773
25.127238 0.52086738
25.144935 0.52088552
25.162397 0.52087605
25.180059 0.52075099
25.197782 0.52019568
25.215239 0.51988105
25.2328 0.51974155
25.250214 0.51992829
25.267901 0.52006551
25.285463 0.5199612
25.302835 0.51995876
25.320445 0.51974888
25.338031 0.51973906
25.355828 0.51952132
25.37349 0.51974651
25.391153 0.51994315
25.408662 0.52002665
25.426504 0.51971903
25.444089 0.51924755
25.461711 0.51892354
25.479425 0.51884905
25.497204 0.51877459
25.515164 0.51848462
25.532939 0.51828578
25.550631 0.51812775
25.568069 0.51803798
25.585666 0.5179055
25.603238 0.51764004
25.620875 0.51738963
25.638237 0.5172553
25.655729 0.51714865
25.673421 0.51736559
25.690845 0.516999
25.708442 0.5166565
25.725898 0.51636355
25.743261 0.51626883
25.7607 0.5163778
25.778176 0.51678026
25.795651 0.51708411
25.813186 0.51711377
25.830714 0.51741447
25.84849 0.51782954
25.866209 0.51859187
25.883798 0.51854136
25.9014 0.51903503
25.919013 0.51971778
25.936732 0.52049095
25.954439 0.52111491
25.971944 0.52134497
25.98917 0.52156278
26.006526 0.52141336
26.023863 0.52144432
26.041303 0.52160555
26.058648 0.52215189
26.075922 0.52217668
26.093087 0.52245577
26.110527 0.52297385
26.1278 0.52340096
26.145135 0.52353004
26.162553 0.52397328
26.180239 0.52470017
26.198158 0.52518375
26.215815 0.52539999
26.233512 0.52595599
26.251176 0.52635361
26.268783 0.52643949
26.286465 0.52659113
26.304199 0.52714922
26.321784 0.52744135
26.339466 0.5276465
26.35707 0.52795071
26.374449 0.52797662
26.391847 0.5278921
26.409455 0.52757705
26.427168 0.52764448
26.444446 0.52743063
26.461896 0.52691908
26.479255 0.52655084
26.496699 0.52675195
26.514253 0.52670186
26.531751 0.52681007
26.549273 0.52690218
26.566927 0.52707535
26.584707 0.52722627
26.602472 0.52743386
26.619932 0.5278495
26.637374 0.52812562
26.655408 0.52840624
26.673142 0.52897118
26.690977 0.52927447
26.708617 0.52908709
26.726246 0.52958661
26.743956 0.53010534
26.761565 0.53034679
26.778953 0.53070405
26.796561 0.53108951
26.814086 0.53124173
26.831809 0.53104691
26.84956 0.53117725
26.867116 0.53137589
26.884841 0.53167283
26.902548 0.53240829
26.920198 0.533147
26.937829 0.53294117
26.955337 0.53293476
26.973085 0.53313981
26.990811 0.53353514
27.008493 0.53405049
27.026214 0.53464565
27.04385 0.53578445
27.061363 0.53661466
27.078895 0.53758852
27.096358 0.53836693
27.11384 0.53834399
27.13148 0.53859981
27.149224 0.53927926
27.167023 0.53976848
27.184539 0.54011177
27.202208 0.54050656
27.219719 0.54062969
27.236991 0.54095142
27.254481 0.54133944
27.272008 0.54159819
27.289589 0.54196566
27.307308 0.54248278
27.324951 0.54332804
27.342541 0.54379476
27.360153 0.54397435
27.377569 0.54418501
27.395123 0.54469934
27.412634 0.54491871
27.430333 0.54493771
27.447914 0.54486136
27.465671 0.54438594
27.483511 0.54447
27.500989 0.54478133
27.518389 0.54491064
27.535851 0.54519117
27.553268 0.54528262
27.570635 0.5453937
27.588207 0.54548445
27.605797 0.54569185
27.623281 0.54609057
27.640757 0.5468944
27.65866 0.54742808
27.676141 0.54824538
27.693631 0.54903979
27.711412 0.54917504
27.729035 0.54920952
27.746737 0.54923628
27.764611 0.54972085
27.782417 0.550254
27.800053 0.55061164
27.817689 0.55070188
27.835523 0.5506795
27.853229 0.55079511
27.870774 0.55074972
27.888355 0.55072307
27.905909 0.5502484
27.92339 0.55017897
27.940883 0.55012084
27.958397 0.55042656
27.975834 0.55018826
27.99331 0.54988388
28.010824 0.54964037
28.028133 0.54962816
28.045172 0.54953035
28.062315 0.54950434
28.079616 0.54973738
28.09689 0.54978338
28.114158 0.55021059
28.131419 0.55066296
28.148842 0.55080965
28.166257 0.55079545
28.183642 0.55129002
28.200978 0.55139124
28.218422 0.55168454
28.235985 0.55167261
28.253652 0.55161256
28.271245 0.55136164
28.28873 0.5513278
28.306363 0.5510465
28.32403 0.55069886
28.341713 0.55029179
28.359224 0.55029991
28.376635 0.55006957
28.394065 0.54987297
28.411559 0.55036784
28.428917 0.55043804
28.446277 0.55032996
28.463742 0.55040484
28.481251 0.55043498
28.49906 0.55034696
28.51661 0.5508128
28.534156 0.55072399
28.552009 0.55032448
28.569925 0.55039343
28.587832 0.55031445
28.605785 0.55004089
28.623578 0.54923919
28.64158 0.54867287
28.659612 0.54859701
28.677538 0.5483693
28.695486 0.54850154
28.713084 0.54837398
28.730815 0.54788116
28.748562 0.54788592
28.76613 0.54819032
28.783599 0.54796422
28.801144 0.54784938
28.818735 0.54758796
28.836426 0.54770628
28.85394 0.54788231
28.871526 0.54754236
28.889203 0.5473826
28.906694 0.54676998
28.924366 0.5464871
28.941917 0.54625135
28.959462 0.54576181
28.976918 0.54513337
28.994526 0.5447879
29.011936 0.54433977
29.029421 0.54380686
29.046916 0.54298314
29.064455 0.54248073
29.081952 0.5420493
29.099539 0.54137002
29.117164 0.54096067
29.134682 0.54011628
29.152495 0.53938177
29.170218 0.53897027
29.187967 0.53841397
29.205779 0.53764017
29.223398 0.53673696
29.240948 0.53627603
29.258523 0.53581723
29.276083 0.53479708
29.293698 0.53417692
29.311126 0.53345866
29.328813 0.53271214
29.346364 0.5323987
29.363948 0.53169388
29.38156 0.53072938
29.398804 0.52988344
29.416298 0.52906068
29.43401 0.52853413
29.451677 0.52740933
29.469325 0.5262569
29.487028 0.52525649
29.504577 0.52416398
29.522296 0.5228827
29.539855 0.52135594
29.557505 0.51961844
29.575019 0.51818296
29.592376 0.51720715
29.610202 0.51553439
29.627665 0.51404034
29.645208 0.51228887
29.66274 0.51101225
29.680234 0.50952577
29.697761 0.50821592
29.715366 0.50646553
29.732826 0.50539052
29.750434 0.5041994
29.768094 0.5027241
29.785606 0.50126598
29.803157 0.49923386
29.820873 0.49765671
29.838559 0.49597621
29.856154 0.49418847
29.87375 0.49216833
29.891254 0.49046888
29.908689 0.48838057
29.926215 0.48675056
29.943699 0.48438539
29.961113 0.48184729
29.978716 0.47956671
29.996072 0.47756894
30.013801 0.4752514
30.031236 0.47299067
30.048606 0.4705783
30.066109 0.4681529
30.083459 0.46581826
30.100749 0.46336128
30.118137 0.46084703
30.135451 0.45777356
30.152907 0.45517363
30.170311 0.45292387
30.187304 0.45087133
30.204898 0.44818367
30.222199 0.44582377
30.239423 0.44311741
30.256809 0.44027089
30.274192 0.43784065
30.291664 0.43481158
30.309337 0.43191986
30.326859 0.42959995
30.34444 0.4275533
30.361999 0.4247477
30.379509 0.42190243
30.397158 0.41863455
30.414551 0.4153007
30.432098 0.4121272
30.449648 0.40933135
30.467248 0.40661117
30.484853 0.40329178
30.502438 0.40043555
30.520138 0.39762518
30.537793 0.39449837
30.555435 0.39121217
30.573035 0.38839371
30.590614 0.38534734
30.608209 0.38246745
30.625799 0.37984666
30.643299 0.37691851
30.660843 0.37398662
30.678347 0.37107857
30.695771 0.36827778
30.7132 0.36532773
30.730541 0.3623494
30.748116 0.35918362
30.765585 0.35610039
30.783059 0.3530459
30.800577 0.34975066
30.818064 0.34656182
30.835607 0.34306702
30.853139 0.3394599
30.870689 0.33597534
30.888224 0.33214621
30.905879 0.32878426
30.923594 0.3252396
30.941138 0.32180123
30.958342 0.31855314
30.975726 0.31495613
30.99305 0.31128058
31.010583 0.30793499
31.028105 0.30459607
31.045638 0.30135522
31.063081 0.29816688
31.080532 0.29461342
31.09812 0.29152725
31.115666 0.2881237
31.133037 0.28485309
31.150646 0.28118934
31.168553 0.27754239
31.186366 0.27442767
31.204146 0.27137314
31.221848 0.26780987
31.239648 0.26405534
31.257392 0.26021249
31.275121 0.25653799
31.292875 0.25328847
31.310519 0.24951408
31.328231 0.24590446
31.346074 0.24250673
31.363605 0.23919391
31.381087 0.23566319
31.398452 0.23144011
31.416029 0.22744321
31.433405 0.22422144
31.450723 0.22070116
31.46802 0.21736079
31.485505 0.21404403
31.50299 0.21058455
31.520456 0.2072331
31.537919 0.20372473
31.555329 0.19982515
31.57299 0.19613332
31.59064 0.19253904
31.60835 0.18950896
31.625972 0.18615037
31.643537 0.18243229
31.661265 0.17911718
31.678999 0.17605471
31.696539 0.17252275
31.714185 0.16882999
31.731753 0.16510034
31.749118 0.16169258
31.766768 0.15845879
31.78419 0.15519923
31.801645 0.15194806
31.819214 0.14885262
31.836739 0.14558749
31.854343 0.14268378
31.871968 0.13951166
31.889497 0.13612042
31.907136 0.13307762
31.9247 0.13011409
31.942252 0.12754495
31.96009 0.12483486
31.977651 0.1220807
31.995243 0.11915576
32.012954 0.11631885
32.03049 0.11334657
32.048107 0.1104898
32.06565 0.10716831
32.083086 0.10416693
32.100701 0.10115151
32.11807 0.098332005
32.134747 0.095377961
32.151095 0.092689325
32.167237 0.090000207
32.183502 0.087499328
32.19997 0.084943972
32.216281 0.082424358
32.232646 0.07968242
32.248912 0.077301047
32.265326 0.075394554
32.281607 0.073324372
32.297774 0.07129975
32.314284 0.068978887
32.331465 0.066994466
32.349029 0.065049456
32.366711 0.062703341
32.384169 0.060887507
32.401663 0.059121136
32.41923 0.057332673
32.436787 0.055902624
32.454325 0.054376391
32.471853 0.052649564
32.489508 0.050826199
32.50719 0.04928068
32.524936 0.048129448
32.542592 0.046635315
32.560346 0.04504871
32.578097 0.044151948
32.595866 0.042471414
32.613639 0.041307177
32.631198 0.040226811
32.648735 0.038874012
32.666315 0.037342076
32.683866 0.036291236
32.70143 0.035258265
32.718926 0.034162799
32.736482 0.032841304
32.754053 0.031817796
32.771594 0.030727295
32.788945 0.02913921
32.806549 0.028185846
32.824091 0.026760357
32.841726 0.025600992
32.859415 0.024687168
32.877074 0.023709322
32.894833 0.022658049
32.912396 0.021657765
32.930073 0.02051997
32.94748 0.019852262
32.964955 0.019450992
32.982413 0.018429533
33.000111 0.017648876
33.017619 0.016987581
33.034977 0.016662289
33.052488 0.015990031
33.069944 0.015181049
33.087493 0.014583123
33.10488 0.013903391
33.122291 0.013333145
33.139697 0.012620463
33.15732 0.01177801
33.174859 0.010879889
33.192363 0.010601334
33.209849 0.010427464
33.227508 0.010054891
33.245188 0.0093385671
33.262792 0.0086160815
33.280452 0.0080931466
33.298051 0.0078340323
33.315759 0.0073439562
33.333594 0.0071370984
33.351377 0.0069196385
33.369 0.0067404473
33.386686 0.0063772354
33.40445 0.0060569851
33.421993 0.0057529711
33.43948 0.0054090749
33.456911 0.0052932934
33.474387 0.005386281
33.491946 0.0051745353
33.509457 0.0045324171
33.526925 0.0044582527
33.544412 0.0042461224
33.561967 0.0041032471
33.579537 0.0039211299
33.597135 0.0038466211
33.614703 0.0038818974
33.632324 0.0037454162
33.649772 0.0033983036
33.667453 0.0033142636
33.684991 0.0031365581
33.702588 0.0032784674
33.720179 0.0033907118
33.737789 0.0029079294
33.755248 0.0028649468
33.772504 0.0030863515
33.78992 0.0029859821
33.807367 0.0026373581
33.824609 0.0023879861
33.841981 0.0022298498
33.859418 0.0022956743
33.876693 0.0020675669
33.894081 0.0019355583
33.911405 0.001672038
33.928817 0.0018539631
33.946111 0.0017788315
33.963711 0.0011474076
33.981361 0.00070691142
33.998953 0.00065026759
34.016441 0.00085346538
34.034057 0.00065867825
34.051682 0.00050211351
34.069386 0.00014434035
34.087056 0.00012496598
34.104712 6.9293737e-005
34.122266 1.574009e-006
34.139767 1.0006624e-005
34.157306 -9.4472576e-005
34.174645 0.00032660609
34.191788 0.00066251216
34.208929 0.00067289853
34.226124 0.0007424093
34.243332 0.0006183657
34.260488 0.00077753026
34.277767 0.0010342914
34.295009 0.0010052263
34.312343 0.00097672219
34.329641 0.00094244648
34.347059 0.00074653444
34.364296 0.00078642005
34.381579 0.0006368519
34.399184 0.00041773552
34.416665 6.6104781e-005
34.434201 -0.00025342688
34.451789 -0.00014006329
34.469323 -0.00034868205
34.486715 -0.00025998324
34.504288 -0.00018904855
34.521703 -1.3835617e-005
34.539148 -3.5175228e-005
34.556466 2.8774391e-005
34.57407 0.00069971016
34.591774 0.00081158714
34.609492 0.00091483875
34.627162 0.0014654575
34.644879 0.0017525709
34.662472 0.0016851444
34.680139 0.0018329446
34.697672 0.0016005618
34.715234 0.0013834979
34.732764 0.00098882014
34.750299 0.0009159065
34.767863 0.00070229461
34.785372 0.00013457967
34.802621 0.00016659718
34.819913 0.0002558168
34.837496 -0.00024185977
34.854908 -0.00045209022
34.872287 -0.00041201792
34.889629 -0.00056390029
34.907123 -0.00054763833
34.924636 -0.00044976228
34.942311 -0.00033913383
34.959838 -0.00039458834
34.977479 -0.00039137833
34.995091 -0.00035165027
35.012805 -0.00053404688
35.030391 -0.00091125125
35.047711 -0.00094604942
35.065264 -0.00083663134
35.082838 -0.00065752333
35.100313 -0.00061636714
35.117849 -0.00084798228
35.135406 -0.00066992201
35.152668 -0.00092726273
35.170157 -0.00095084213
35.187732 -0.0010456348
35.205172 -0.00088966577
35.22263 -0.00094122989
35.240229 -0.00069354543
35.257899 -0.00043006289
35.275493 -0.00059709121
35.293158 -0.00059533546
35.310921 -0.00071910332
35.328616 -0.00055088854
35.346104 -0.0010394547
35.363871 -0.00088514569
35.381674 -0.00084730769
35.399308 -0.0004268546
35.41688 -0.00051303819
35.434591 -0.00034021844
35.452268 -0.00037228589
35.470028 -0.00038289488
35.487552 -0.00022407407
35.505088 -0.00029524851
35.522511 -5.4255471e-005
35.540067 0.00015731794
35.557648 0.00026769323
35.575173 0.0002197988
35.59268 0.00029001229
35.610031 0.0001227161
35.6276 0.0003962615
35.645117 0.00043078199
35.662595 0.00045309067
35.679851 0.00067379586
35.697162 0.00074915667
35.714409 0.00036076411
35.731693 0.00049289774
35.749036 0.00052691478
35.766254 0.0010873897
35.783679 0.0013719158
35.801007 0.001590631
35.818438 0.0015779244
35.835907 0.0015907581
35.853251 0.0015720495
35.870605 0.0013091498
35.888196 0.0010780618
35.905918 0.0011282125
35.92373 0.0017190535
35.941572 0.0013978743
35.959159 0.0012721359
35.976964 0.00098794504
35.994517 0.00089240102
36.012121 0.00078313166
36.029822 0.00091894688
36.047321 0.00082250999
36.064999 0.00057317212
36.082661 0.00080497559
36.100124 0.00075073492
36.117702 0.00071265262
36.13514 0.00029814855
36.152649 0.00044210538
36.170313 0.00054762682
36.187934 0.00029363454
36.205471 6.3638716e-005
36.222938 7.9500093e-005
36.240255 1.1369271e-005
36.257573 7.4269626e-006
36.274673 0.00029539555
36.291888 0.00036847393
36.309235 0.00034067105
36.326412 0.00020770416
36.343673 1.4941867e-005
36.36092 -0.00010154651
36.377895 -0.0004723215
36.39494 -0.00048673458
36.411975 -0.00028461535
36.429035 -0.00075085876
36.446415 -0.0010207389
36.463902 -0.00088709944
36.481366 -0.00078775971
36.498882 -0.00064922189
36.516231 -0.00061861364
36.533506 -0.00055634503
36.550917 -4.0849968e-005
36.568342 -0.00012543999
36.585756 0.00017038872
36.603084 0.00037216369
36.620574 0.00058867264
36.638243 0.00096889977
36.655633 0.00096957661
36.673208 0.00068031639
36.690888 0.00044133849
36.708437 0.00011862738
36.725953 3.7009863e-005
36.743702 0.0001452372
36.761262 -0.00010468954
36.778788 -0.00013758164
36.796471 -0.00015215883
36.81419 -0.00028358489
36.831922 -0.00047722223
36.849501 -0.00050684669
36.867161 -0.00036267111
36.884633 -0.00054551657
36.902126 -0.00058808344
36.919456 -0.00065916797
36.937112 -0.0006390901
36.954475 -0.00085214195
36.971822 -0.00088807498
36.989243 -0.00087262816
37.006766 -0.0010571796
37.024303 -0.001149879
37.04178 -0.0011540411
37.059153 -0.00078521778
37.076544 -0.00049429681
37.093903 -0.00025518666
37.111278 -0.00025409587
37.128883 -0.00014761634
37.146251 -4.6843899e-005
37.163724 -0.00028094291
37.181421 -5.1048972e-005
37.198862 0.00031706936
37.216277 0.00056472997
37.233745 0.00055949286
37.251077 0.00047946138
37.268639 0.00054172339
37.286101 0.00023026645
37.303735 0.00021773257
37.321412 0.00016469061
37.338889 0.00038820192
37.35657 0.00039544105
37.374266 0.00048055972
37.391814 0.00012623785
37.409643 -0.00028399746
37.427384 -0.00026424618
37.445062 -0.00031806752
37.462994 -0.00067939758
37.480741 -0.0011402527
37.49853 -0.000978699
37.516186 -0.0012676787
37.533712 -0.0012779983
37.551245 -0.0015408709
37.568607 -0.0015463743
37.586055 -0.0013899417
37.603667 -0.00097917743
37.62097 -0.0010028109
37.638364 -0.0011392285
37.655776 -0.00094455671
37.673063 -0.00066684707
37.690435 -0.00068826587
37.707984 -0.00087365457
37.725323 -0.00074776556
37.742821 -0.00054886661
37.760475 -0.00037914855
37.778029 -0.00027496511
37.795627 -0.00017724386
37.813001 -0.00018396428
37.830567 0.00026613511
37.848165 0.00061410335
37.865588 0.00078040396
37.883091 0.00059326317
37.900486 0.00065021525
37.917857 0.00082694773
37.935408 0.00098179325
37.952899 0.0011544156
37.970136 0.0011720764
37.987634 0.0011283315
38.004869 0.0011091591
38.02242 0.00073760223
38.039765 0.00049979359
38.057183 0.00037315983
38.074769 0.00024193054
38.092319 0.00055685062
38.109832 0.00045987462
38.127266 0.0003727034
38.144829 -5.9222732e-005
38.162358 -1.2862885e-005
38.180054 -0.00016418689
38.197507 -0.0003626742
38.215159 -0.00031709295
38.232608 -3.4504876e-006
38.250296 -0.00026456225
38.267881 -0.00035012755
38.285268 -0.00018930876
38.302309 2.4860034e-005
38.319543 0.00049778354
38.336492 0.00049443112
38.353603 0.00087414935
38.37071 0.00059890392
38.387853 0.00062287217
38.405154 0.00068867242
38.422438 0.00092780533
38.439655 0.0012015712
38.456932 0.0015558569
38.474033 0.0012969
38.491218 0.00089677645
38.508834 0.00072721645
38.52646 0.0006024609
38.544288 0.00041686542
38.561802 0.00029261785
38.579396 0.00031697061
38.596818 0.00035036734
38.614161 0.00047283399
38.631433 6.9816591e-005
38.648742 -0.00044387312
38.666079 -0.00051371474
38.683509 -0.00010022026
38.701108 0.00043567804
38.718498 0.00052773819
38.735827 0.00042190684
38.753117 0.00036237436
38.770526 0.00030959257
38.787927 0.0002297778
38.805419 3.5220607e-005
38.82301 -0.00028765324
38.840703 -0.00035668511
38.858302 -0.00019131237
38.875766 -0.00030069837
38.893254 -0.00068836498
38.910732 -0.00091811239
38.928318 -0.0010806621
38.94582 -0.0012742077
38.963502 -0.00090172406
38.981043 -0.00058224018
38.998634 -0.00061561024
39.016185 -0.00062459609
39.033826 -0.00053430093
39.051376 -0.00050230034
39.069 -0.00063284884
39.086744 -0.00056550947
39.104189 -0.00052142211
39.121645 -0.00032017948
39.138952 -0.00027621902
39.156589 -0.00024524069
39.174175 -0.00026535414
39.191754 -0.0002772243
39.209197 8.1361488e-005
39.226804 0.00039022993
39.244037 0.00046904701
39.261425 0.0004376981
39.278817 0.00029823879
39.296019 9.1473505e-005
39.313664 4.7187013e-006
39.33133 -0.00016122489
39.348755 -0.00018811774
39.366066 6.9737984e-005
39.383409 -4.9696382e-006
39.400695 -0.00030790396
39.417978 -0.00057021431
39.435325 -0.00087937009
39.452957 -0.00090575991
39.470551 -0.00045533033
39.488115 -9.6646378e-005
39.505726 0.00038434653
39.523329 0.00076577656
39.540893 0.00047303255
39.558636 0.00032056224
39.576344 -4.8843869e-005
39.593872 -0.00013377265
39.611599 -1.1336223e-005
39.62931 -5.1792659e-005
39.64707 0.00020128155
39.664674 0.00058715538
39.682149 0.00033526046
39.699616 0.00030395582
39.717053 -8.1896161e-005
39.734512 -0.00029855346
39.751825 -8.3808588e-005
39.769299 9.0451123e-005
39.786635 0.00044756375
39.804046 0.00036771509
39.821461 0.00031319873
39.838863 0.00047313962
39.856044 0.00039063944
39.87355 -0.00017263431
39.890908 -0.00031048516
39.908267 -0.00016407695
39.92584 4.5795273e-005
39.94331 5.1503967e-005

