-3.763861 0.0015479313
-3.745696 0.0012636099
-3.727388 0.00094933752
-3.709244 0.00085567691
-3.691088 0.0010801742
-3.672927 0.0013286184
-3.654757 0.0018630357
-3.636428 0.001852826
-3.618249 0.0016798642
-3.600134 0.0015769471
-3.581868 0.001314152
-3.563533 0.0012935694
-3.545192 0.00088663137
-3.526873 0.00061556068
-3.508813 0.00053811828
-3.490659 0.00027421927
-3.472535 0.00010559704
-3.454279 -5.0461367e-005
-3.436127 -0.00068835194
-3.417856 -0.00091404949
-3.39948 -0.00066587946
-3.381132 -0.00049759298
-3.36285 -0.00036438808
-3.344544 -0.00040876263
-3.326273 4.2493156e-005
-3.308091 0.00041765473
-3.289771 0.00070246649
-3.27145 0.00082879809
-3.253041 0.00063229416
-3.234736 0.0005169439
-3.216605 0.0003443519
-3.198633 0.00037676338
-3.180663 2.1057336e-005
-3.162762 0.0001499779
-3.144837 0.00020947995
-3.126837 0.00021623499
-3.10865 -6.8962253e-005
-3.090429 -0.00045520176
-3.072587 -0.0012337056
-3.054553 -0.0019220793
-3.036321 -0.0022559907
-3.018121 -0.0024364311
-2.999767 -0.0019578652
-2.981595 -0.0020202715
-2.963364 -0.0019061462
-2.945176 -0.0023802137
-2.927138 -0.0024345012
-2.909259 -0.0021955242
-2.891491 -0.0020086765
-2.87365 -0.0021101808
-2.85552 -0.0018248442
-2.837595 -0.0013463292
-2.819927 -0.00077285073
-2.802188 -0.0005459732
-2.784451 -0.00063353141
-2.766523 -0.00071300835
-2.748688 -0.001128511
-2.730763 -0.0010768908
-2.712818 -0.0012969249
-2.694892 -0.0015942145
-2.67689 -0.001877977
-2.658991 -0.0017904909
-2.641142 -0.0017747079
-2.623212 -0.0019163139
-2.6052 -0.0022892557
-2.587494 -0.0024196859
-2.569885 -0.0022881064
-2.552301 -0.0024485944
-2.534589 -0.0021927318
-2.516794 -0.0017563907
-2.498836 -0.0014121364
-2.481105 -0.0014446744
-2.463413 -0.0013730709
-2.44583 -0.0012094321
-2.428089 -0.00088021815
-2.4104 -0.00073257722
-2.392729 -0.00042908481
-2.374614 -4.934937e-005
-2.356495 -0.00048869953
-2.338416 -0.00032214057
-2.320377 -0.00017673892
-2.302386 -0.00055792055
-2.284617 -0.00097762788
-2.266763 -0.00097907905
-2.248871 -0.00086140929
-2.230764 -0.00080052717
-2.212763 -0.00083511832
-2.194799 -0.00085309458
-2.176873 -0.0011695616
-2.158982 -0.0013974387
-2.141081 -0.00093768027
-2.123244 -0.00090578868
-2.105478 -0.0010751637
-2.087476 -0.0009713774
-2.069473 -0.0007684863
-2.051286 -0.0010598216
-2.033166 -0.0014863107
-2.01512 -0.0015263597
-1.997081 -0.0018218212
-1.979129 -0.0020115925
-1.961066 -0.0019441717
-1.942964 -0.0022140368
-1.925086 -0.0023970097
-1.907012 -0.0023867161
-1.888814 -0.0025546291
-1.870802 -0.0026489601
-1.852665 -0.0026284996
-1.83459 -0.0024784697
-1.816571 -0.0022926338
-1.798553 -0.0023943153
-1.780555 -0.0024724946
-1.762318 -0.0025542684
-1.74411 -0.0024970028
-1.726055 -0.0022969738
-1.707681 -0.0021804955
-1.689392 -0.0021748815
-1.671094 -0.0022304379
-1.652781 -0.0023138893
-1.634572 -0.0024833188
-1.61642 -0.0025823995
-1.598113 -0.0028533424
-1.579788 -0.0030991449
-1.561505 -0.0031259146
-1.543188 -0.0027827841
-1.524847 -0.0020682884
-1.50655 -0.00067296715
-1.488351 0.00097233531
-1.470026 0.0030481919
-1.451788 0.0057105272
-1.433733 0.0087652767
-1.415559 0.012104137
-1.397095 0.015482072
-1.37895 0.018578188
-1.360702 0.021397545
-1.342578 0.023920189
-1.324541 0.02563601
-1.30664 0.026613365
-1.288815 0.026794368
-1.270885 0.026298571
-1.253122 0.024897528
-1.235432 0.02284517
-1.217588 0.019992556
-1.199859 0.016528338
-1.182323 0.013105293
-1.164596 0.010216914
-1.146839 0.0076105905
-1.128978 0.0052132805
-1.111179 0.0031350559
-1.093457 0.0012990712
-1.075398 -0.00083137997
-1.057535 -0.0025760381
-1.039539 -0.0033321721
-1.021618 -0.0038880428
-1.003666 -0.0039839394
-0.985693 -0.0035344208
-0.9677 -0.0032535591
-0.94956 -0.0031624572
-0.931581 -0.0030628986
-0.913391 -0.0030666326
-0.895345 -0.0031450394
-0.87719 -0.0034713266
-0.85931 -0.0032915283
-0.841118 -0.0031125282
-0.823148 -0.0032676044
-0.804985 -0.0030630113
-0.786939 -0.0031467894
-0.768868 -0.0032881596
-0.750929 -0.003468792
-0.732999 -0.0036759414
-0.715232 -0.0041441339
-0.697305 -0.0043745579
-0.679407 -0.0041826654
-0.661404 -0.0039620581
-0.643241 -0.0037486902
-0.625263 -0.0037266981
-0.607147 -0.0036541913
-0.588922 -0.0036427806
-0.570798 -0.0036771495
-0.55277 -0.0036620516
-0.534802 -0.003502512
-0.517014 -0.0032922454
-0.49916 -0.0030535672
-0.481433 -0.0028452608
-0.463475 -0.0030563573
-0.445675 -0.0028515933
-0.428152 -0.0029886597
-0.41039 -0.0029747183
-0.392674 -0.0027637221
-0.375149 -0.0028298182
-0.357593 -0.0030505911
-0.339869 -0.0029523651
-0.322025 -0.0029888338
-0.303974 -0.0030381134
-0.285833 -0.0028667759
-0.267802 -0.0029730754
-0.249825 -0.0026478859
-0.231778 -0.0026662468
-0.213654 -0.0023717726
-0.195656 -0.0021909098
-0.177665 -0.0022159745
-0.159664 -0.0021200228
-0.141704 -0.0017659451
-0.123728 -0.0017145409
-0.105621 -0.0015563292
-0.087597 -0.0015294031
-0.069565 -0.0018696392
-0.051621 -0.0022624769
-0.033731 -0.0026230118
-0.015859 -0.0030222234
0.002207 -0.0032651292
0.020268 -0.0034719951
0.038379 -0.00339672
0.05664 -0.0033616502
0.074862 -0.0031354982
0.093173 -0.0033060249
0.111474 -0.0033208502
0.129658 -0.0032970529
0.147762 -0.0032905517
0.165942 -0.002799513
0.184229 -0.002675187
0.202465 -0.0026325468
0.220635 -0.0025434567
0.238724 -0.0023317814
0.256793 -0.002331071
0.274732 -0.0025445826
0.292901 -0.0029478862
0.31093 -0.0030180011
0.32883 -0.0029823157
0.346828 -0.0027019471
0.364976 -0.0016639491
0.38301 -0.0012683291
0.40092 -0.00091166697
0.419023 -0.00048095936
0.43685 -0.00047586714
0.454906 -0.00073070111
0.472946 -0.0010343933
0.491017 -0.00091528139
0.508926 -0.00074534437
0.527002 -0.00073989079
0.545026 -0.00093137719
0.563012 -0.0011860164
0.581099 -0.0019649158
0.599184 -0.0022399383
0.617192 -0.0023493553
0.635069 -0.0026492438
0.653187 -0.0023394677
0.671151 -0.0019324857
0.68923 -0.0014550169
0.707254 -0.0013747304
0.725235 -0.0012989514
0.743052 -0.0011065618
0.761049 -0.0010290221
0.779052 -0.0010132268
0.796816 -0.0010681001
0.814666 -0.00091318513
0.83274 -0.00076865245
0.850705 -0.00026242278
0.868654 -0.00018621997
0.886546 3.4622242e-005
0.904372 0.00030458801
0.922146 0.00038346737
0.940177 0.00042179127
0.95825 0.00020734811
0.976223 0.00044707489
0.994041 0.00058884871
1.012023 0.00080375998
1.030074 0.0007224116
1.048117 0.00063143063
1.066208 0.00053198614
1.08425 0.00046757403
1.102283 0.00030945713
1.120407 -0.00024370431
1.138669 -0.00027825643
1.156777 -2.7744243e-005
1.174831 0.00037549434
1.192857 0.00037792821
1.211102 0.00067353157
1.229389 0.00075127724
1.247681 0.0008550661
1.265966 0.0005732148
1.284096 0.00041735177
1.302345 0.0003309664
1.320514 3.1804286e-005
1.338545 8.6588036e-005
1.356477 0.00029752238
1.374544 0.00029682084
1.392649 0.00014499803
1.410638 -4.8642525e-005
1.428564 -0.00035010882
1.446251 -0.00018832876
1.463898 -0.000115073
1.481381 0.00021666671
1.498816 0.00044543269
1.516297 0.0006095207
1.533885 0.00084636183
1.551589 0.00080545505
1.569294 0.000926318
1.586974 0.00077348473
1.60452 0.0007178212
1.622197 0.00091423691
1.63983 0.0009068827
1.657618 0.00066094479
1.675527 0.00053150228
1.693408 0.00059217609
1.71168 0.00026249662
1.729707 9.67343e-005
1.747776 0.00026000779
1.765779 0.0004192533
1.7838 -0.00016381618
1.801886 -0.00047956822
1.820079 -0.00047765407
1.838152 -0.00083180097
1.856351 -0.00099222439
1.874445 -0.00093986805
1.892411 -0.0011830151
1.910353 -0.0010808402
1.928234 -0.00049641324
1.946322 -0.00039074517
1.964265 -0.00046752654
1.982261 -0.0005056855
2.000045 -0.00024803017
2.017912 -0.00043607524
2.035733 -0.00049902801
2.05366 -0.0004064041
2.07157 -0.00018107239
2.089596 -0.00027061551
2.107574 -9.1183805e-005
2.12568 -0.00018296677
2.143701 -0.00021483881
2.16174 -0.00036705941
2.179871 -0.0003505105
2.197969 5.68456e-005
2.216152 0.00022757495
2.234029 0.00092392785
2.252048 0.0011558274
2.27004 0.0015688733
2.288018 0.001636789
2.305983 0.0019196308
2.323715 0.0020931862
2.341593 0.0021635014
2.359512 0.0020777429
2.377267 0.0022125399
2.395077 0.0024020428
2.41293 0.0021115834
2.430784 0.0021678329
2.448625 0.0020280161
2.466561 0.0020491129
2.484587 0.0015798415
2.502582 0.0012115032
2.520436 0.0010000172
2.538502 0.00078390668
2.5566 0.00072621263
2.57464 0.00047896199
2.59271 0.00024601845
2.610724 -0.00016036655
2.628753 -0.00013827089
2.646909 -0.00021551613
2.665124 -0.00039885869
2.683084 -0.00046961083
2.701043 -7.9759639e-005
2.718912 0.00030979299
2.736932 0.00025232505
2.754923 0.00047191982
2.772752 0.00048526074
2.790774 0.00045988792
2.808749 0.00065159288
2.826785 0.00087631693
2.844749 0.00061474853
2.862695 0.0003748597
2.880696 0.00046366202
2.898871 0.00028668727
2.916951 -0.00026283663
2.935132 -0.0005111492
2.953071 -0.00054906732
2.971107 -0.00081598894
2.989278 -0.0011048349
3.007269 -0.0011748709
3.025361 -0.00086669368
3.043332 -0.00077746324
3.061343 -0.00063835818
3.079319 -0.00070948316
3.0972 -0.00059811701
3.115044 -0.00041308105
3.133019 0.0002508134
3.150911 0.00068786519
3.168964 0.00096941226
3.186951 0.0012090492
3.204709 0.0017188806
3.222527 0.0019146959
3.240368 0.001662475
3.25831 0.0015634742
3.276069 0.001551201
3.293935 0.0016394784
3.311869 0.0015171775
3.329704 0.001409197
3.347494 0.0011674854
3.365488 0.0008306078
3.383458 0.00072414327
3.401505 0.00077259264
3.41973 0.00058445059
3.437811 0.0008641945
3.455855 0.0010976525
3.474039 0.00052545209
3.49227 0.00063453443
3.510213 0.0006876959
3.5281 0.0010345551
3.546025 0.0014062223
3.563819 0.0015935218
3.581487 0.0015237331
3.599146 0.0017122134
3.616804 0.0016423994
3.634504 0.0012376261
3.652205 0.00074967087
3.669914 0.00031791556
3.687462 0.00071420191
3.705115 0.00057395346
3.722993 0.00074967009
3.740908 0.00066016262
3.758749 0.00031742126
3.776689 -8.1182198e-005
3.794646 0.0002009127
3.812632 8.8357432e-005
3.830542 0.00010947274
3.848355 0.00058812814
3.86613 0.0010065205
3.884002 0.0011969533
3.90191 0.0010371283
3.91979 0.00084758816
3.937718 0.00063544327
3.955689 0.00029642475
3.973802 0.00030088146
3.991797 0.00044777081
4.009602 0.00025621194
4.02736 0.00011593316
4.045074 0.00021410062
4.063034 0.00015736776
4.081126 7.7579506e-005
4.099156 0.0002982699
4.117229 0.00060110681
4.135223 0.0007405132
4.153111 0.0011470385
4.171083 0.001370931
4.189007 0.0012060767
4.206945 0.0012098211
4.224936 0.0013702682
4.243033 0.0014182748
4.261243 0.0013162186
4.279151 0.0014047495
4.297192 0.0015193018
4.315056 0.001090185
4.332969 0.0010175723
4.350925 0.0013441428
4.368958 0.0010337285
4.386995 0.0010124026
4.404877 0.001200613
4.423018 0.0013536386
4.441079 0.001590242
4.459374 0.0013723166
4.477515 0.0016859947
4.495725 0.0016932739
4.513851 0.0012679297
4.531941 0.0014435473
4.550063 0.0012147862
4.568101 0.00071741364
4.586093 0.0004414766
4.603946 0.00020298086
4.621985 0.00028639628
4.639764 0.00015075844
4.657707 -0.00029614508
4.675356 -0.0003229192
4.693136 -0.00085072594
4.710991 -0.0012055719
4.728719 -0.00097130508
4.746543 -0.00098894359
4.764096 -0.00091519585
4.781853 -0.0008965469
4.799531 -0.00048719296
4.817285 -0.00038380708
4.834969 -0.00069322643
4.852942 -0.00087217149
4.871072 -0.0005937284
4.889051 -0.00051743126
4.907018 -0.00040981342
4.92498 -6.1495866e-005
4.943342 -5.7333151e-006
4.961339 0.00032140841
4.979547 0.00063785458
4.99758 0.001210887
5.015745 0.0013619891
5.034007 0.001243285
5.05225 0.0016365512
5.070298 0.0019233434
5.088255 0.0018472477
5.106185 0.0020037025
5.12414 0.0019605024
5.141968 0.0018204911
5.159385 0.0017434266
5.177416 0.0015113334
5.195311 0.0014869551
5.213328 0.0011201444
5.231327 0.0008883892
5.249106 0.001326848
5.266902 0.0012892467
5.284728 0.00088728634
5.302401 0.00059014469
5.320238 0.00066284441
5.338099 0.00070087224
5.356011 0.00063568118
5.373952 0.00090309326
5.391724 0.00097347854
5.409434 0.00062058508
5.427216 0.00053561229
5.444906 0.00057275493
5.462768 0.00064919597
5.480695 0.00056419219
5.498542 0.0008519574
5.516492 0.0011133257
5.534368 0.0010757909
5.552123 0.00094282946
5.569739 0.0014194753
5.587295 0.0012949753
5.604883 0.0014822763
5.622708 0.0021634011
5.640421 0.0024795942
5.658126 0.002540448
5.675886 0.0020703529
5.693501 0.0022875575
5.711205 0.0022736467
5.728896 0.0020261388
5.746653 0.0020062858
5.76446 0.0023102309
5.782442 0.0021157035
5.800535 0.002084266
5.818545 0.0019004824
5.836415 0.001613286
5.854296 0.0016148055
5.872265 0.0015811893
5.890197 0.0018677115
5.908133 0.0019655819
5.926187 0.0025519438
5.944055 0.0027234261
5.961983 0.00087528117
5.979828 -0.0033501925
5.997621 -0.0074333235
6.015384 -0.010200925
6.033428 -0.012937228
6.051501 -0.01582381
6.069495 -0.018529494
6.087288 -0.020896858
6.105114 -0.022634281
6.122956 -0.023796678
6.140598 -0.024237702
6.158401 -0.023993871
6.176204 -0.021445869
6.194143 -0.016524351
6.211979 -0.012191218
6.22996 -0.0093150735
6.247787 -0.0065120647
6.265529 -0.0034664654
6.283328 -0.00057260131
6.301306 0.0018861267
6.319122 0.0036782901
6.337012 0.0046206483
6.354785 0.0046188752
6.372666 0.0045571418
6.390613 0.0041391817
6.408556 0.0036582106
6.426523 0.0033067468
6.44444 0.0030917866
6.462303 0.003645114
6.480215 0.0070543089
6.498041 0.011331061
6.515929 0.01418039
6.533869 0.015547758
6.551665 0.016640543
6.56981 0.017966478
6.58787 0.018785036
6.605834 0.018943619
6.623765 0.018983646
6.641718 0.019341102
6.65964 0.019636113
6.677533 0.019288788
6.695499 0.01528667
6.71351 0.0040902424
6.731334 -0.0075001011
6.749226 -0.016575502
6.767267 -0.024392552
6.785192 -0.030445655
6.803102 -0.03228732
6.820536 -0.031122635
6.838143 -0.029748288
6.855857 -0.028527863
6.873565 -0.027755509
6.891422 -0.027146779
6.909051 -0.02584221
6.926804 -0.018558623
6.944681 -0.0093180088
6.962578 -0.0012770338
6.980446 0.0057396322
6.998003 0.011016601
7.015644 0.01252742
7.033703 0.011428335
7.051772 0.01028408
7.069717 0.0092013391
7.08754 0.0085662161
7.105325 0.0081222993
7.123259 0.0079008139
7.141057 0.00771418
7.159022 0.0076229711
7.176912 0.0074459522
7.194713 0.007713355
7.212608 0.0072221983
7.23066 0.0068749396
7.248657 0.0070429716
7.266351 0.0069496992
7.284192 0.0070767825
7.302119 0.0071998848
7.319935 0.0072052038
7.337662 0.0068469425
7.355436 0.0070305643
7.373143 0.0071238125
7.39086 0.0072429151
7.408611 0.0072481927
7.426636 0.008036841
7.444384 0.0084765785
7.4622 0.0085693683
7.480144 0.0087015166
7.498113 0.0084713627
7.516211 0.0084156352
7.533969 0.0088735118
7.551892 0.0090967981
7.569905 0.0087303707
7.587588 0.0088050811
7.605325 0.0088460896
7.622861 0.0091613329
7.64068 0.0087925106
7.658382 0.0090315581
7.676023 0.0091625626
7.693708 0.009639322
7.711405 0.0098490716
7.728958 0.01020619
7.746715 0.010157913
7.76439 0.010395433
7.782143 0.0106946
7.800058 0.011034069
7.817971 0.01134977
7.835933 0.011296527
7.853638 0.011752391
7.871589 0.011658226
7.889667 0.011764452
7.907535 0.011680382
7.925466 0.011833154
7.943427 0.011987941
7.961447 0.012365355
7.979465 0.012653013
7.997181 0.013099246
8.014998 0.012978437
8.032847 0.013447757
8.050931 0.0136025
8.06874 0.013548302
8.086653 0.013818244
8.104419 0.013944357
8.122191 0.013852155
8.13992 0.014041908
8.157552 0.014078605
8.175235 0.013853494
8.192929 0.013788347
8.210832 0.013828214
8.22882 0.013821186
8.246551 0.01359517
8.264278 0.013510286
8.282019 0.013609538
8.29957 0.013672525
8.317269 0.013426137
8.335181 0.013534021
8.352922 0.013769699
8.370676 0.013881462
8.388425 0.014029304
8.406203 0.01420013
8.423915 0.013985617
8.441463 0.014290268
8.45912 0.014455383
8.476914 0.014633542
8.494861 0.01447665
8.512821 0.014328858
8.530711 0.014517503
8.548692 0.014581629
8.566612 0.014527697
8.584592 0.014454508
8.602606 0.014236603
8.620663 0.014251491
8.638663 0.014350545
8.656827 0.014340208
8.675099 0.014359334
8.693095 0.014501291
8.710956 0.014910011
8.728857 0.015226354
8.746761 0.015674235
8.764619 0.01594089
8.782603 0.016383026
8.800479 0.016969436
8.818335 0.017454083
8.836067 0.01768809
8.853808 0.018214968
8.871469 0.018515683
8.889077 0.01866476
8.90685 0.018785532
8.924673 0.019159498
8.942449 0.019365168
8.96012 0.019604252
8.977593 0.020336472
8.995146 0.020817579
9.012857 0.021028002
9.03069 0.021470707
9.048367 0.021899921
9.066302 0.022368144
9.084157 0.022737191
9.10191 0.022920806
9.119653 0.022687213
9.137473 0.022255358
9.155411 0.022021578
9.173366 0.021664132
9.191438 0.021305713
9.209383 0.021023433
9.227273 0.020903385
9.245094 0.020301769
9.263114 0.020288856
9.281035 0.020172665
9.298983 0.020030378
9.317023 0.020458703
9.334903 0.021244262
9.352737 0.021844552
9.370508 0.022403601
9.38826 0.022929918
9.406189 0.023082706
9.424078 0.023451566
9.44201 0.023543243
9.459915 0.024075732
9.477749 0.024019513
9.495441 0.024275514
9.513097 0.024743799
9.530894 0.024782509
9.548827 0.024897365
9.566782 0.025391835
9.584753 0.025781577
9.6028 0.025703034
9.620482 0.025919894
9.638107 0.025957821
9.655644 0.026170031
9.673203 0.026666838
9.690886 0.027076107
9.708535 0.027057758
9.726223 0.027193987
9.74377 0.02737144
9.761164 0.027592415
9.778664 0.027511817
9.796118 0.027543895
9.813631 0.028090696
9.831252 0.028608046
9.84901 0.028886621
9.866895 0.029140852
9.884602 0.02934615
9.902294 0.029581911
9.919944 0.029871573
9.937735 0.0296257
9.955438 0.029717072
9.973298 0.029667839
9.990994 0.030170456
10.008751 0.030620919
10.026438 0.030648657
10.044221 0.030225266
10.062052 0.030253974
10.079897 0.030450814
10.097849 0.030514169
10.115657 0.030756507
10.13363 0.031149722
10.151513 0.031753041
10.169449 0.03202275
10.187302 0.032580963
10.205298 0.032455785
10.223367 0.032338159
10.241471 0.032509883
10.259593 0.03295997
10.277524 0.03344028
10.295296 0.033726661
10.313189 0.033937377
10.331179 0.033942036
10.349229 0.03396649
10.367016 0.034184954
10.384962 0.034627966
10.40283 0.034772739
10.420729 0.035110614
10.43841 0.03545009
10.456164 0.035888105
10.473787 0.036299776
10.491783 0.036528469
10.509735 0.03655589
10.527554 0.036612846
10.545348 0.036899627
10.562978 0.037052122
10.58056 0.037070091
10.598308 0.037293022
10.616246 0.037513324
10.633956 0.038024589
10.651869 0.038492986
10.669557 0.03907851
10.687444 0.039577933
10.705098 0.039779005
10.722881 0.040230885
10.740677 0.04057379
10.758454 0.040822848
10.776396 0.041619825
10.7947 0.042241259
10.812636 0.042525418
10.830621 0.042965707
10.848544 0.042870626
10.866462 0.042958508
10.884535 0.042593731
10.902374 0.042594492
10.920377 0.04280312
10.938215 0.043327321
10.956133 0.043847462
10.974088 0.044325019
10.991838 0.044091789
11.00957 0.04411874
11.027405 0.044281974
11.045128 0.044354866
11.062964 0.044832628
11.080683 0.045045746
11.098376 0.045288564
11.11622 0.045053484
11.133753 0.045031344
11.151485 0.044777124
11.169337 0.044398184
11.187269 0.044352172
11.205276 0.044475794
11.223132 0.044607749
11.241037 0.044646804
11.258846 0.04474942
11.276578 0.044801711
11.294428 0.04499916
11.312302 0.045334229
11.330157 0.046073384
11.348135 0.046491992
11.365999 0.046797083
11.383851 0.047382665
11.401651 0.047855376
11.419389 0.048680623
11.437303 0.049175444
11.455098 0.049495435
11.473065 0.049971763
11.491077 0.050250937
11.508985 0.050660157
11.526727 0.051166757
11.544418 0.051129522
11.562225 0.051252314
11.58009 0.051545706
11.598026 0.051928467
11.615726 0.052103453
11.633591 0.052142357
11.651331 0.052180038
11.668964 0.052313554
11.68643 0.052403352
11.704106 0.052658724
11.721752 0.052945475
11.739464 0.052939283
11.757223 0.053281022
11.774977 0.053693614
11.792711 0.05423317
11.81018 0.054398183
11.827892 0.05448772
11.845372 0.05492266
11.863061 0.05548411
11.880865 0.056006506
11.898641 0.056264377
11.916386 0.056388543
11.934065 0.056301928
11.951933 0.056488637
11.969695 0.05683719
11.987471 0.057104695
12.005189 0.057110882
12.022923 0.057202134
12.040546 0.05761992
12.058176 0.057466232
12.075667 0.05718641
12.093155 0.057276514
12.110811 0.057644686
12.128333 0.058082011
12.145908 0.058569579
12.163408 0.059144794
12.181056 0.059529884
12.198529 0.059606683
12.216035 0.059894529
12.23373 0.060329678
12.25132 0.060662682
12.269213 0.060964755
12.287114 0.061657386
12.304913 0.062206043
12.322724 0.062719489
12.340544 0.062836546
12.358419 0.062801942
12.376289 0.062930112
12.39407 0.063042065
12.411956 0.063306319
12.429943 0.063776636
12.44763 0.064372196
12.465584 0.064676673
12.483388 0.064709297
12.500956 0.065065953
12.518867 0.065043037
12.536589 0.06485694
12.554472 0.065372456
12.572315 0.066200638
12.590126 0.06679996
12.608018 0.067271134
12.625915 0.067778641
12.643702 0.068103646
12.66161 0.068441872
12.679348 0.068972024
12.697154 0.070027243
12.715068 0.070409904
12.732872 0.07102605
12.750834 0.071664604
12.768665 0.072120389
12.786478 0.072285117
12.804293 0.072370976
12.822136 0.072656507
12.839928 0.072882013
12.857811 0.073223932
12.875714 0.07334804
12.893613 0.073570909
12.911421 0.073389365
12.929404 0.073562216
12.947305 0.074081184
12.965088 0.074498127
12.98292 0.074746968
13.000818 0.075394715
13.018755 0.07608476
13.036562 0.076797058
13.054375 0.077652688
13.072184 0.078051053
13.089994 0.078429449
13.107887 0.078706745
13.125742 0.079141748
13.143491 0.079669416
13.161378 0.079709244
13.179204 0.079883406
13.196989 0.080285088
13.21465 0.080952356
13.232235 0.08135106
13.250014 0.081571238
13.267733 0.081843798
13.285519 0.082216281
13.303196 0.082755231
13.320975 0.083590178
13.338628 0.084491577
13.356402 0.085192097
13.373998 0.085896977
13.391651 0.086868172
13.409268 0.087928157
13.427204 0.087987004
13.445256 0.088205657
13.463076 0.088813455
13.480941 0.089481839
13.498629 0.090278631
13.516393 0.090681844
13.534128 0.091011246
13.551992 0.091174208
13.569715 0.091439707
13.58748 0.091897599
13.60542 0.09227477
13.623279 0.092292031
13.641024 0.092891424
13.658526 0.0938763
13.676343 0.094449744
13.693922 0.094840964
13.711491 0.095309477
13.729165 0.096602098
13.746665 0.098028287
13.764228 0.09950309
13.781877 0.10037487
13.799343 0.10100467
13.816846 0.10176054
13.834443 0.10284186
13.852091 0.10364105
13.869858 0.10427516
13.887425 0.10513829
13.905147 0.10580345
13.923054 0.10746042
13.940743 0.10814934
13.958521 0.10797638
13.976374 0.1079317
13.99419 0.10839467
14.012163 0.10903577
14.03004 0.10945104
14.047826 0.10983776
14.065322 0.11002216
14.082985 0.11027628
14.100559 0.11015098
14.118269 0.11030354
14.135931 0.10939209
14.153586 0.10928505
14.17119 0.10962983
14.188764 0.11011165
14.206287 0.11030729
14.224051 0.11073097
14.241654 0.11109097
14.259465 0.11103305
14.27731 0.11152094
14.295122 0.11205669
14.31297 0.11242536
14.330632 0.11287587
14.348328 0.11353818
14.366293 0.11395915
14.384243 0.11412101
14.402153 0.11435331
14.420239 0.11450577
14.438011 0.11472651
14.455777 0.11526768
14.473488 0.11598539
14.491208 0.11666342
14.508873 0.11723499
14.526432 0.1180971
14.544264 0.11875805
14.562194 0.11954753
14.579855 0.11976296
14.597706 0.12041833
14.6154 0.12113123
14.633113 0.12227001
14.650827 0.12303462
14.668637 0.12366162
14.686457 0.12426996
14.704331 0.12470622
14.722213 0.12495971
14.740074 0.1253457
14.757988 0.12595655
14.77571 0.12635688
14.793648 0.12750862
14.811469 0.12852424
14.829334 0.12932217
14.847111 0.12985968
14.865059 0.13066194
14.88311 0.13131796
14.901049 0.13187414
14.918921 0.13257913
14.93675 0.13350332
14.954886 0.13440519
14.972614 0.13495591
14.990339 0.13575518
15.00801 0.13631201
15.025722 0.13678495
15.043458 0.13701302
15.061173 0.13737057
15.07894 0.13758886
15.096613 0.13798538
15.114164 0.13850749
15.13188 0.13883394
15.14976 0.13802265
15.167489 0.13781025
15.185397 0.13797199
15.203101 0.13769753
15.220922 0.13738458
15.238646 0.13721667
15.256647 0.13739658
15.274523 0.1377929
15.292205 0.13807661
15.309982 0.13807654
15.327957 0.13790166
15.345687 0.13790921
15.363315 0.13924652
15.381084 0.1399807
15.39897 0.14040134
15.41671 0.14126519
15.434611 0.14190204
15.45257 0.14262793
15.470363 0.14310485
15.488178 0.14353871
15.506035 0.14405667
15.523795 0.14493267
15.541475 0.1460867
15.559371 0.14693989
15.577473 0.14752966
15.5954 0.14843795
15.613143 0.14956724
15.631196 0.15007511
15.648861 0.1506452
15.666617 0.15105619
15.684371 0.15167872
15.702138 0.15208964
15.719839 0.1522824
15.737461 0.15214025
15.755121 0.15261194
15.772812 0.15285405
15.790072 0.15322797
15.807484 0.1533563
15.824957 0.1533538
15.842462 0.15374178
15.860069 0.15426927
15.877749 0.1550076
15.895258 0.15534373
15.91273 0.15603637
15.930259 0.15673792
15.948005 0.15761357
15.965758 0.15769725
15.983345 0.15824203
16.001165 0.15897279
16.018846 0.15961121
16.036677 0.16005184
16.054553 0.16020767
16.07242 0.16072959
16.090147 0.1613251
16.108099 0.1622161
16.125893 0.16273066
16.143674 0.16359009
16.161365 0.16413298
16.17905 0.16493113
16.196866 0.16589738
16.214589 0.16672992
16.232373 0.16752954
16.250027 0.16858635
16.267672 0.17017124
16.285402 0.17164159
16.302839 0.17267483
16.32031 0.17371162
16.338086 0.17483039
16.355978 0.17581936
16.373833 0.17695381
16.39164 0.17826412
16.409349 0.17911644
16.427215 0.17990328
16.445093 0.18058938
16.462873 0.1816175
16.48068 0.18147474
16.498532 0.18171811
16.516533 0.18259152
16.534359 0.18352157
16.552038 0.18433887
16.569698 0.18512467
16.58749 0.18605954
16.605184 0.18640144
16.62292 0.18689829
16.640528 0.18717548
16.658293 0.18794413
16.675914 0.18817121
16.693662 0.18960105
16.711012 0.19078499
16.728723 0.1912599
16.746406 0.1916828
16.764234 0.19244445
16.781964 0.19359514
16.799635 0.19401608
16.817401 0.19496394
16.835114 0.19649739
16.85288 0.19794138
16.870439 0.1990233
16.888168 0.20011734
16.905746 0.20071647
16.923728 0.20080786
16.941229 0.2012988
16.959045 0.20143599
16.976724 0.20168405
16.994415 0.20146035
17.012168 0.20165768
17.029936 0.20192142
17.047734 0.20157739
17.065619 0.20139279
17.083419 0.20160198
17.101267 0.20180742
17.119037 0.20232804
17.136808 0.20246227
17.154793 0.20296401
17.172646 0.20368092
17.190403 0.20400602
17.20821 0.20452847
17.22593 0.20531961
17.243624 0.20590486
17.261425 0.20606762
17.27907 0.20686325
17.29678 0.20743905
17.314576 0.20807419
17.332444 0.20851587
17.350145 0.20945382
17.367845 0.21020027
17.38566 0.21095965
17.40339 0.21227786
17.421112 0.21372918
17.438652 0.21545095
17.456284 0.21703438
17.473887 0.21884676
17.49143 0.22035137
17.509095 0.22122428
17.526724 0.22223376
17.54458 0.22314034
17.562225 0.2238388
17.579982 0.224028
17.597509 0.22409605
17.61518 0.2239526
17.632792 0.22368744
17.650647 0.22344823
17.668495 0.22338618
17.686199 0.22340374
17.704186 0.22322243
17.722051 0.22360493
17.740123 0.22410036
17.757697 0.22469793
17.775408 0.22561459
17.792819 0.22666432
17.810134 0.22802533
17.827592 0.22912276
17.844994 0.23006067
17.86238 0.23084128
17.879726 0.23142825
17.897189 0.2323132
17.914466 0.23295952
17.93187 0.23367036
17.948977 0.23421451
17.966254 0.23476454
17.983476 0.23500814
18.001009 0.23523029
18.018779 0.23551495
18.036529 0.23588006
18.054297 0.2364697
18.072006 0.23665466
18.089807 0.23714719
18.107413 0.23767764
18.125058 0.23819577
18.142378 0.23888376
18.159955 0.2393423
18.177766 0.24026412
18.195687 0.24139847
18.213587 0.24275222
18.231146 0.24381399
18.248796 0.24494726
18.26652 0.2459581
18.284275 0.24717918
18.302125 0.24801895
18.320026 0.24858003
18.337717 0.24958929
18.355756 0.24954393
18.373583 0.24966165
18.391254 0.24989647
18.409171 0.25029616
18.426681 0.2513364
18.44464 0.25228145
18.462236 0.25312045
18.479897 0.25400653
18.497726 0.25536923
18.515274 0.25723733
18.532938 0.25888425
18.550725 0.25997736
18.568497 0.26195022
18.585882 0.26413881
18.603644 0.26533326
18.621294 0.26633525
18.639211 0.26632115
18.656843 0.2665423
18.674654 0.26725463
18.692347 0.26748319
18.70991 0.26705734
18.727607 0.26670926
18.745327 0.26698997
18.763057 0.26746079
18.780794 0.26770756
18.798798 0.26810218
18.816474 0.26898981
18.834062 0.27031732
18.851736 0.271864
18.86943 0.27321633
18.88746 0.27430018
18.905217 0.27574901
18.923033 0.27725957
18.940757 0.2786118
18.958383 0.27980139
18.976134 0.28102421
18.993787 0.28176641
19.011415 0.28191885
19.029255 0.28165116
19.047284 0.28116511
19.06489 0.28094314
19.082579 0.28091117
19.100078 0.2804887
19.117793 0.2800203
19.135509 0.27980054
19.153102 0.27959385
19.170898 0.27963752
19.188545 0.27994389
19.206104 0.28105119
19.223737 0.28242502
19.241241 0.28398262
19.258547 0.28592136
19.276279 0.28753024
19.293941 0.28958402
19.311299 0.29167234
19.328928 0.2939306
19.3465 0.29598246
19.36426 0.29779686
19.381826 0.29917463
19.399593 0.30007361
19.417538 0.30114858
19.435449 0.30264937
19.453226 0.3042577
19.470932 0.30532091
19.488619 0.30655174
19.506517 0.30710229
19.524472 0.30805344
19.542265 0.3087677
19.56007 0.3094042
19.577844 0.3103247
19.59563 0.31110946
19.613453 0.31206877
19.631014 0.31323398
19.648762 0.31383262
19.666485 0.31448659
19.684194 0.31504446
19.701869 0.31544718
19.719448 0.31639952
19.736995 0.31744883
19.754849 0.31820685
19.772446 0.31875107
19.79008 0.31906987
19.80764 0.31952645
19.825042 0.32011544
19.842412 0.32049042
19.859728 0.32098824
19.877139 0.32163869
19.894596 0.32253121
19.911918 0.32362636
19.92916 0.32454901
19.946692 0.32495145
19.963917 0.32614557
19.981286 0.32783087
19.998639 0.32920401
20.016193 0.3308693
20.033727 0.33246822
20.051343 0.33363408
20.06904 0.33508083
20.086617 0.33620802
20.104498 0.33741168
20.122343 0.33830714
20.139824 0.3390324
20.157453 0.33967602
20.175187 0.34027078
20.192914 0.34070286
20.210498 0.34150523
20.228083 0.34193934
20.24567 0.34231025
20.263407 0.34283063
20.280943 0.34309031
20.298477 0.34380459
20.315995 0.34419975
20.333647 0.34520955
20.35163 0.34631216
20.369373 0.34762008
20.386897 0.3483844
20.404525 0.3486748
20.422308 0.34899793
20.439993 0.34943072
20.457598 0.35016909
20.475279 0.35081912
20.493083 0.35147821
20.510941 0.35199181
20.528559 0.35280077
20.546151 0.35304713
20.563932 0.35353595
20.581589 0.35440913
20.599307 0.35566119
20.616913 0.35749522
20.634541 0.35900014
20.652306 0.36034285
20.670158 0.36147478
20.687887 0.36226013
20.705626 0.36377175
20.723377 0.36520574
20.741194 0.36633088
20.759008 0.36763262
20.776608 0.36866814
20.794374 0.36929995
20.812148 0.36986693
20.829973 0.3702103
20.847862 0.37077873
20.865484 0.37171123
20.883171 0.37271985
20.900949 0.37380291
20.918659 0.37440127
20.936254 0.37495453
20.953801 0.37563712
20.971443 0.37627637
20.989114 0.3768079
21.006749 0.37756639
21.024478 0.37819348
21.042164 0.37898918
21.059793 0.37982377
21.077575 0.38049899
21.095171 0.38100951
21.112894 0.38205834
21.130459 0.38311591
21.148331 0.38395598
21.166117 0.38495548
21.183793 0.38589519
21.201588 0.38688779
21.219225 0.38777416
21.236944 0.38891355
21.25454 0.3900175
21.272132 0.39093908
21.289676 0.39221006
21.307436 0.39377289
21.324952 0.39470014
21.342624 0.39541518
21.360325 0.39622156
21.378119 0.39706954
21.395837 0.39829649
21.41344 0.39950445
21.431149 0.40072867
21.448735 0.40153949
21.466456 0.40272606
21.484219 0.40396164
21.501925 0.4047932
21.519543 0.40554315
21.537082 0.40663296
21.554696 0.40798247
21.572163 0.40936939
21.589489 0.41032503
21.607149 0.41079156
21.62479 0.41160202
21.642474 0.41254757
21.660127 0.41341844
21.677755 0.41412595
21.695311 0.4147157
21.712911 0.4155736
21.730645 0.41642823
21.748415 0.41743061
21.766132 0.41807521
21.783795 0.41848999
21.801543 0.41924401
21.819241 0.42013843
21.836951 0.42105138
21.854606 0.42170348
21.872155 0.42303913
21.889579 0.42396237
21.907169 0.425164
21.92478 0.42588563
21.942321 0.42673367
21.95981 0.42751801
21.977346 0.4281217
21.994823 0.42922536
22.012357 0.42996788
22.029656 0.43071443
22.047069 0.43147574
22.064419 0.43228082
22.082063 0.43255881
22.099708 0.43303883
22.117152 0.43262763
22.134747 0.43240908
22.152225 0.43350858
22.169769 0.43442042
22.187307 0.43559895
22.2048 0.4365682
22.222223 0.43793589
22.239851 0.439553
22.257413 0.44041177
22.275027 0.44152118
22.292684 0.4424828
22.310487 0.44362485
22.328301 0.44546748
22.345688 0.44754545
22.363168 0.44805816
22.380783 0.44836177
22.398394 0.44897421
22.416086 0.4498758
22.433792 0.45060714
22.451367 0.45092387
22.468907 0.45169287
22.486405 0.45206979
22.503705 0.4530087
22.521196 0.45408337
22.538726 0.45517208
22.556595 0.45575109
22.57439 0.4565314
22.592141 0.45761555
22.609699 0.45800696
22.627309 0.45846609
22.645 0.45913742
22.662736 0.45985113
22.680431 0.45966984
22.698191 0.46005495
22.715924 0.46085178
22.73353 0.46161824
22.751136 0.46240881
22.768651 0.46390386
22.786232 0.46516137
22.803764 0.46629449
22.821437 0.46793891
22.839031 0.46920643
22.856515 0.47029646
22.874059 0.47131668
22.891657 0.47289577
22.909128 0.47424652
22.926768 0.47439602
22.944429 0.47475572
22.961896 0.47517168
22.979556 0.47529862
22.997096 0.4753616
23.014521 0.47548686
23.032029 0.47545151
23.049824 0.47561395
23.067506 0.47598579
23.085222 0.47651453
23.102806 0.47728271
23.120594 0.47797748
23.13803 0.47913145
23.155682 0.47939463
23.173462 0.48006653
23.191231 0.48031906
23.20912 0.48064592
23.22701 0.48130802
23.24499 0.48208493
23.262627 0.48276151
23.280406 0.48324256
23.298035 0.48371214
23.315911 0.48414858
23.333551 0.48428716
23.351502 0.48492288
23.369448 0.48584557
23.387419 0.48616978
23.405022 0.48694837
23.42255 0.48774735
23.440157 0.48861162
23.457728 0.48916428
23.475397 0.4892842
23.493041 0.48936409
23.510784 0.48947231
23.528327 0.48960553
23.546157 0.48980873
23.563821 0.48920067
23.581173 0.48931786
23.598589 0.48943959
23.616216 0.48958643
23.633914 0.48957519
23.651725 0.48932405
23.669367 0.4895355
23.687191 0.4901436
23.70498 0.49086419
23.722536 0.49154708
23.740227 0.49245923
23.757805 0.49344684
23.775463 0.49501489
23.793176 0.49576207
23.810751 0.49637345
23.828363 0.49708405
23.845956 0.49795999
23.863541 0.49868183
23.881213 0.49889349
23.898739 0.49934093
23.916261 0.49953149
23.933794 0.49990295
23.95117 0.50028462
23.968645 0.50037874
23.986113 0.50064684
24.003473 0.50119269
24.021 0.50163153
24.038537 0.50157924
24.055942 0.50164146
24.073378 0.50179964
24.090642 0.50220625
24.107966 0.50239833
24.125407 0.50267284
24.143109 0.50276227
24.160791 0.50288405
24.178512 0.50317324
24.196188 0.50334248
24.213874 0.50303663
24.231623 0.50348446
24.249321 0.50385202
24.266944 0.50404109
24.284431 0.50421246
24.30211 0.50539525
24.319633 0.5054813
24.337129 0.50541336
24.354521 0.50540639
24.371919 0.50511915
24.3892 0.5053162
24.406679 0.50526301
24.424182 0.5054155
24.441434 0.50511228
24.458783 0.50517056
24.476359 0.50508315
24.494018 0.50542853
24.511698 0.50470146
24.52946 0.50482915
24.547156 0.50497083
24.564851 0.50526391
24.58262 0.50566735
24.600341 0.50578273
24.617991 0.50564085
24.635652 0.50581501
24.653441 0.50598939
24.671094 0.50616409
24.688623 0.50669774
24.706201 0.50685344
24.723787 0.50675905
24.741286 0.50689555
24.758752 0.50685179
24.776249 0.50678216
24.793813 0.50644556
24.811457 0.50593969
24.82894 0.5061578
24.846499 0.50585144
24.864128 0.5055523
24.881684 0.50515479
24.899444 0.50434463
24.917073 0.50366103
24.934602 0.50352465
24.952197 0.5032243
24.96998 0.50329247
24.987625 0.50362484
25.005354 0.50427823
25.023102 0.50503016
25.040861 0.50497624
25.058455 0.50489507
25.075965 0.50516997
25.093657 0.50539312
25.111315 0.50558202
25.128969 0.50565927
25.146738 0.50562822
25.164428 0.50590453
25.182051 0.50589482
25.199747 0.50539658
25.217288 0.50517262
25.234718 0.50477828
25.252264 0.50460572
25.269868 0.50485186
25.287634 0.50441029
25.305147 0.50412971
25.322608 0.50423592
25.340144 0.50438575
25.357539 0.50414857
25.375122 0.50374411
25.392709 0.50346447
25.410268 0.50319792
25.427919 0.50240395
25.445639 0.50187731
25.463267 0.50187732
25.480912 0.50170587
25.498443 0.50158387
25.516144 0.5016587
25.533838 0.50127678
25.551411 0.50075492
25.569023 0.50064781
25.586621 0.50087058
25.604245 0.50116539
25.621876 0.50138023
25.639564 0.50117881
25.657114 0.50113152
25.674778 0.50135009
25.692425 0.50131939
25.709852 0.50147934
25.727509 0.50109949
25.745177 0.5007269
25.762847 0.50076309
25.780613 0.5008952
25.798324 0.50081197
25.815934 0.50079789
25.833609 0.50062204
25.85116 0.50105506
25.86875 0.5013699
25.886314 0.50071799
25.90396 0.50059027
25.921837 0.50065195
25.939529 0.50107515
25.957109 0.50197387
25.97462 0.50231047
25.991917 0.50235595
26.009187 0.50237161
26.026528 0.50236486
26.043745 0.50283594
26.061097 0.50328016
26.078403 0.50345052
26.095778 0.5039134
26.113215 0.5044184
26.130577 0.50474394
26.147916 0.5048169
26.165283 0.50499811
26.182713 0.50537253
26.200381 0.50585491
26.217946 0.50595328
26.235499 0.5060857
26.253211 0.50585672
26.270907 0.50556359
26.288734 0.50582153
26.306355 0.50587869
26.324032 0.50586073
26.341547 0.50584945
26.359103 0.5059482
26.376676 0.50543964
26.394335 0.50508666
26.411877 0.50451885
26.429463 0.50444927
26.446963 0.5041866
26.464492 0.50364031
26.481884 0.50318205
26.499331 0.50264964
26.516879 0.50262267
26.53427 0.5024216
26.55187 0.50250908
26.569323 0.50238502
26.586955 0.50229885
26.604602 0.50210331
26.622084 0.50228018
26.639716 0.50226834
26.65746 0.50243863
26.675193 0.50266909
26.692825 0.5031816
26.710385 0.5034008
26.728016 0.50361882
26.745678 0.5035174
26.763288 0.50296781
26.781041 0.50291917
26.798624 0.50343662
26.8161 0.50371375
26.833848 0.50348823
26.851429 0.50322496
26.868906 0.50286252
26.886412 0.50294653
26.90405 0.50288992
26.921667 0.5026039
26.939044 0.50207389
26.956522 0.50231948
26.974112 0.50263033
26.991592 0.50284163
27.009292 0.50264744
27.026913 0.5027445
27.044486 0.5031186
27.06207 0.50333616
27.079768 0.50365313
27.097384 0.50388318
27.115087 0.50377409
27.132804 0.50375265
27.150689 0.5038168
27.168451 0.50373765
27.186093 0.50356437
27.203895 0.50352522
27.221317 0.50354279
27.239006 0.50358974
27.256617 0.50383398
27.274356 0.50404353
27.291856 0.50436695
27.309407 0.50466918
27.326834 0.50502699
27.34433 0.50517366
27.361811 0.50520027
27.379313 0.50519695
27.396872 0.50520681
27.414325 0.50517827
27.432184 0.50516245
27.449946 0.50460978
27.467625 0.50411109
27.485139 0.50372852
27.502803 0.50358063
27.520424 0.50321507
27.537962 0.50297444
27.555613 0.50286435
27.573158 0.50246983
27.590869 0.502075
27.608516 0.50209723
27.626068 0.50197668
27.643546 0.50188759
27.661092 0.50230238
27.678594 0.5026544
27.696082 0.50279344
27.713637 0.50242531
27.731161 0.50220019
27.74883 0.50195757
27.766325 0.50202342
27.783865 0.50232881
27.801245 0.50236248
27.818739 0.50208182
27.836437 0.50176024
27.853788 0.50143171
27.871184 0.50107172
27.888631 0.50050363
27.906322 0.50020607
27.923858 0.49991105
27.941578 0.49978497
27.95923 0.49988066
27.976793 0.49953686
27.994451 0.49904265
28.012005 0.49837103
28.029249 0.49814852
28.046206 0.49807347
28.063567 0.49804969
28.080913 0.49801785
28.098274 0.49792676
28.115388 0.49795551
28.132653 0.49804726
28.149862 0.49765143
28.16703 0.49730094
28.184206 0.49735176
28.201434 0.49746858
28.218681 0.49792438
28.236181 0.49797146
28.253985 0.49787998
28.271483 0.49774167
28.28881 0.49768775
28.306428 0.49748949
28.324072 0.4971827
28.341703 0.49698098
28.359239 0.49717429
28.376752 0.49723605
28.394517 0.49721716
28.41239 0.4973488
28.430281 0.49720645
28.448177 0.49698329
28.46609 0.49704108
28.48404 0.49666604
28.502042 0.49640912
28.519798 0.49643788
28.537688 0.49611382
28.555429 0.49585941
28.573269 0.49573002
28.591237 0.49565346
28.608987 0.49534525
28.626469 0.49491427
28.643989 0.49463649
28.661589 0.49461155
28.679254 0.49441351
28.696909 0.49458171
28.714555 0.49430321
28.732278 0.49399338
28.749842 0.49415548
28.767675 0.49434226
28.785412 0.4942859
28.803004 0.49399133
28.820665 0.49360793
28.838453 0.49313635
28.856188 0.49309732
28.873887 0.49265088
28.891393 0.49210417
28.909004 0.4915439
28.926563 0.49121621
28.944126 0.49108861
28.96166 0.49063302
28.979048 0.49019105
28.99654 0.48981547
29.014084 0.48945601
29.031722 0.48905132
29.049339 0.48866015
29.066946 0.48817119
29.084587 0.48777822
29.102084 0.48731794
29.11964 0.48679524
29.137126 0.48625992
29.154733 0.48556611
29.172478 0.48520191
29.190122 0.48469612
29.207674 0.4841023
29.225283 0.48345493
29.242797 0.48321232
29.260345 0.4828827
29.277911 0.48205005
29.29531 0.48162952
29.312926 0.48105769
29.330434 0.48071675
29.347999 0.48038127
29.365454 0.47996255
29.382854 0.47913109
29.400484 0.47828219
29.418074 0.47758753
29.435537 0.47697851
29.453116 0.47590674
29.470598 0.47500153
29.48807 0.47429246
29.505567 0.47347978
29.523089 0.47244551
29.540587 0.47113947
29.558263 0.46948172
29.575851 0.46801507
29.593424 0.46701624
29.610924 0.46570347
29.628506 0.46438278
29.646203 0.46288333
29.663749 0.46178687
29.681193 0.46041155
29.698664 0.45921475
29.716264 0.4577551
29.73382 0.45658736
29.751384 0.4554209
29.769099 0.45424004
29.786575 0.45295937
29.804144 0.45141652
29.821663 0.44994916
29.839119 0.44839643
29.856625 0.44702271
29.87405 0.44532344
29.891711 0.44394734
29.909445 0.44191779
29.927092 0.44038928
29.944703 0.43872615
29.962302 0.43702498
29.979532 0.43561231
29.997202 0.43419925
30.014777 0.43267969
30.032332 0.43123453
30.049855 0.42940598
30.067375 0.42739396
30.08483 0.42563736
30.102113 0.42377911
30.119402 0.42221096
30.136622 0.42001892
30.153781 0.41787854
30.171133 0.41593159
30.188559 0.41406821
30.205749 0.4119049
30.223171 0.40976261
30.24055 0.40748016
30.257925 0.40558511
30.27531 0.4040544
30.292755 0.40194533
30.310419 0.39971448
30.327969 0.39801474
30.345583 0.39628392
30.363185 0.39435898
30.380628 0.39247711
30.398258 0.39035536
30.416082 0.3881862
30.433704 0.38580324
30.451279 0.3835268
30.468778 0.38123393
30.486373 0.37874112
30.504105 0.37675511
30.521572 0.37463702
30.539099 0.37199157
30.556602 0.36933415
30.574325 0.36701608
30.591985 0.36440243
30.609567 0.36164317
30.626926 0.35895157
30.644255 0.35630255
30.661756 0.35382368
30.679445 0.35140903
30.696886 0.34875933
30.714245 0.3461227
30.731744 0.34357507
30.749418 0.3410178
30.767128 0.33883356
30.784515 0.33635514
30.802013 0.33346377
30.819447 0.33106865
30.836957 0.32872422
30.854512 0.32637239
30.871982 0.32371939
30.88937 0.32096139
30.906908 0.31820908
30.924483 0.31503082
30.941957 0.31207527
30.95941 0.30936383
30.976847 0.30621884
30.994386 0.30296629
31.011897 0.30043937
31.029404 0.2978007
31.047028 0.29511549
31.064564 0.29218183
31.08221 0.28959614
31.099922 0.28682845
31.117652 0.2840225
31.13533 0.28136152
31.152962 0.27858791
31.170625 0.27568791
31.188259 0.27316342
31.20588 0.27080253
31.223503 0.26790926
31.241066 0.26460937
31.258703 0.26072
31.276411 0.25765194
31.294006 0.25435963
31.311647 0.25131392
31.329126 0.24843459
31.346835 0.24559342
31.364611 0.24254228
31.382195 0.23935245
31.399909 0.23578294
31.417727 0.23249099
31.435433 0.2294218
31.453328 0.22640198
31.470941 0.22398326
31.488697 0.22100075
31.506356 0.218275
31.52393 0.21515982
31.541676 0.21208184
31.559134 0.20877348
31.576636 0.20561752
31.594169 0.20253306
31.611695 0.1998465
31.629177 0.19690627
31.646877 0.19386638
31.664237 0.19082048
31.681771 0.18798289
31.699002 0.1850078
31.716441 0.18151234
31.733986 0.17839152
31.751545 0.17529898
31.769254 0.1724291
31.787021 0.16966254
31.804589 0.16671059
31.822096 0.16371974
31.839533 0.16064437
31.856905 0.15775382
31.874518 0.15467417
31.891974 0.15169598
31.909688 0.14871686
31.927411 0.14600665
31.945005 0.14345982
31.96235 0.14078906
31.979803 0.13795301
31.997083 0.13512226
32.014627 0.13222399
32.032075 0.12912733
32.049569 0.12646409
32.067126 0.12337743
32.084511 0.12053811
32.102083 0.11748093
32.119371 0.11448433
32.135967 0.11164408
32.15223 0.10871797
32.168703 0.10567756
32.185021 0.1029246
32.201405 0.099912363
32.21779 0.09733536
32.234396 0.09476981
32.251025 0.092075008
32.267553 0.090087361
32.284199 0.08792503
32.30077 0.085722645
32.31747 0.083602329
32.334799 0.081461719
32.352367 0.079230802
32.370029 0.076526533
32.387619 0.074449403
32.405212 0.072614603
32.422739 0.070695345
32.440185 0.069070582
32.457692 0.06723315
32.475089 0.065258189
32.492626 0.063170025
32.510203 0.06130072
32.527755 0.059596762
32.54543 0.057642407
32.563145 0.055783894
32.580576 0.054880749
32.598039 0.052927877
32.615628 0.051033793
32.633128 0.04930558
32.650787 0.047345433
32.668351 0.045227727
32.685911 0.043699769
32.703447 0.042422165
32.72094 0.04090859
32.738439 0.039353438
32.756039 0.037782293
32.773527 0.036418372
32.791242 0.034825185
32.80905 0.03373743
32.826553 0.032705494
32.844184 0.031623406
32.861676 0.030667638
32.879235 0.029848474
32.896796 0.028619399
32.914298 0.027230176
32.931778 0.025726365
32.949299 0.024803328
32.966487 0.024429128
32.983991 0.023397758
33.001399 0.022189646
33.018796 0.021073678
33.036495 0.020120545
33.054061 0.019042085
33.071766 0.017686145
33.089172 0.016875363
33.106706 0.015683327
33.124043 0.01510151
33.14184 0.014556422
33.159444 0.013529817
33.177187 0.012386686
33.194915 0.011579354
33.212637 0.011325438
33.230426 0.011056986
33.248013 0.010546369
33.265764 0.0099639169
33.282795 0.0095784494
33.300487 0.0088385258
33.318234 0.0084741992
33.336158 0.0078718983
33.353602 0.0073731812
33.371326 0.0069106001
33.388987 0.0064034297
33.406304 0.0062272473
33.423575 0.0058346497
33.440986 0.0053044812
33.458704 0.0049482627
33.476264 0.0048578669
33.494439 0.0047396559
33.512139 0.0047233666
33.529744 0.0045412348
33.547247 0.0042737757
33.564737 0.0039811258
33.582446 0.0033172752
33.59985 0.0031700863
33.617562 0.0025908119
33.635436 0.0019553701
33.652984 0.0017211344
33.670335 0.0014689991
33.687825 0.00092309767
33.705173 0.00065807845
33.722595 0.00031780329
33.740165 -0.00017164942
33.757744 -0.00024085218
33.775314 -0.00022504932
33.79267 0.00034666767
33.81057 0.00029237157
33.828236 0.00059659788
33.845621 0.00097812976
33.863228 0.00096249513
33.880859 0.0011590901
33.898493 0.0013434664
33.91613 0.0015096172
33.933675 0.0014110261
33.951092 0.0015522276
33.968668 0.001148876
33.986366 0.00074841991
34.004 0.00053111758
34.021323 0.00071607511
34.038873 0.00054909058
34.056534 0.00028621208
34.074068 -4.8334323e-006
34.091677 -0.00042724933
34.108964 -0.00047814418
34.126394 -0.00085077328
34.143954 -0.00070104182
34.161576 -0.00086260282
34.178954 -0.00050931716
34.196163 -0.00021806152
34.2134 -0.0002774163
34.230671 -0.00064198187
34.247875 -0.00090263667
34.265124 -0.00090976667
34.282458 -0.00070566422
34.299761 -0.00047522189
34.317175 -0.00049280326
34.334404 -0.00037850935
34.351746 -0.00051011812
34.368955 -0.00030332196
34.386386 -0.00059406192
34.40394 -0.00048007077
34.421238 -0.00043501872
34.438684 -0.00028355604
34.456212 9.1833215e-005
34.473743 7.6795644e-005
34.491218 8.7339971e-005
34.508675 -0.00020396879
34.526254 -0.00027468978
34.543886 -0.00022449527
34.561534 5.6109118e-005
34.579126 0.0003052661
34.596695 0.00064919721
34.614169 0.00048405536
34.631906 0.00056691504
34.64951 0.00064713038
34.667046 0.00047507608
34.684684 0.00040916341
34.7022 0.0003603498
34.719699 0.0001966824
34.737111 0.00010546808
34.754592 -6.7844321e-005
34.771966 -0.00050004482
34.789531 -0.0010302001
34.807003 -0.0013063178
34.824602 -0.00099470037
34.842215 -0.0011089113
34.859798 -0.0014508926
34.877334 -0.0014047794
34.894747 -0.0013876329
34.912225 -0.0013859296
34.929762 -0.0010680827
34.947435 -0.00097998801
34.965017 -0.00091474769
34.982482 -0.00083308075
34.999933 -0.00057514463
35.017468 -0.00045744707
35.034997 -0.00050196671
35.052396 -0.00056191579
35.069947 -0.00018362911
35.087431 -3.7608584e-005
35.104784 4.9922951e-005
35.122274 -0.00011533323
35.13959 -2.1912904e-005
35.157036 -0.00018176178
35.174524 -0.00013769918
35.19213 -0.00015673556
35.209782 -7.2628073e-005
35.227078 -6.8801353e-005
35.244712 9.535578e-005
35.262445 0.00025110803
35.27994 0.00010034476
35.297508 0.00026646737
35.315199 0.00045073177
35.33284 0.00066480049
35.350603 0.00068391489
35.368161 0.00062270146
35.385716 0.00029536515
35.40345 0.00054076454
35.420894 0.00058232106
35.43874 0.00093810767
35.456196 0.00057955889
35.473553 0.00065563809
35.491121 0.00077047933
35.508622 0.00075301332
35.52617 0.00076563385
35.543581 0.00099941525
35.561099 0.0010301604
35.578717 0.0011103945
35.596238 0.0014533742
35.613611 0.0014898208
35.631094 0.0015993873
35.648542 0.0012087114
35.665975 0.0012580818
35.68333 0.0010864463
35.700673 0.00092505392
35.718156 0.00043465845
35.735633 0.0004178695
35.753181 0.0001936172
35.770544 4.0499095e-005
35.787881 0.00035071161
35.805284 0.00040413358
35.822733 0.00014347301
35.840311 -5.7988747e-005
35.85785 -5.7982422e-005
35.87545 -0.00013613932
35.893206 -6.4326899e-006
35.910729 0.00028139105
35.92816 0.00074532017
35.945685 0.00032416267
35.963302 0.00032077133
35.980895 0.00017078417
35.998531 -0.0002645614
36.01603 -0.00050264686
36.033496 -0.00050388712
36.050909 -0.00056454016
36.068323 -0.00050819814
36.085713 -0.0004514373
36.103196 -0.00053390139
36.120756 -0.00065661541
36.138418 -0.00089302826
36.156004 -0.00065431775
36.173542 -0.00048871924
36.191133 -0.00039290917
36.20852 -0.00035895848
36.22613 -4.1177556e-005
36.24348 0.00033627027
36.260731 0.00036346112
36.278186 0.00048426766
36.295416 0.00072897865
36.312765 0.00088199887
36.330096 0.00097880384
36.347293 0.00070420534
36.364477 0.00041871866
36.381809 0.00013430273
36.399118 0.00016936155
36.416679 0.00053587209
36.434101 0.00053867482
36.45166 0.00040679529
36.469248 0.00090555996
36.486618 0.00077877964
36.504195 0.00054059056
36.52147 0.00061073104
36.538799 0.00058907097
36.556128 0.0010272935
36.573589 0.0013434683
36.590996 0.0014962081
36.608403 0.0014598171
36.625543 0.0015600212
36.642794 0.0012578854
36.660268 0.001019199
36.677664 0.00060163093
36.695159 0.00070193762
36.712638 0.00077812747
36.730194 0.00048683489
36.747869 0.00021958485
36.765471 -3.024803e-005
36.783152 -0.00030447513
36.800536 -0.00040078208
36.817951 -0.00039735612
36.835528 -0.00061732218
36.853134 -0.00069970485
36.870442 -0.00060513941
36.887872 -0.00087038198
36.905317 -0.0010718654
36.922727 -0.0010375838
36.940272 -0.00073036927
36.957733 -0.00053732261
36.975268 -0.00062900391
36.992579 -0.00050517947
37.010118 -0.00060390729
37.027678 -0.00068753556
37.045274 -0.0009831767
37.062794 -0.0008344794
37.08049 -0.0009144977
37.098137 -0.00053958022
37.11563 -0.00048692285
37.133202 -0.00066973546
37.150624 -0.00061153927
37.168119 -0.00096416426
37.18565 -0.00075580039
37.203126 -0.0005918027
37.220616 -0.00042510638
37.23805 -0.0005448184
37.255628 -0.00041020601
37.273132 -0.00030505511
37.290678 -0.00055156643
37.308243 -0.00082308883
37.325871 -0.00080005617
37.343439 -0.00078364606
37.360886 -0.0011703954
37.378372 -0.0010869737
37.39581 -0.0011644391
37.413395 -0.0011784641
37.430886 -0.0011700426
37.448462 -0.0011947889
37.466012 -0.0012691357
37.48354 -0.0013278434
37.500897 -0.00090150397
37.518299 -0.0010226284
37.53562 -0.0010544783
37.553042 -0.0011845632
37.570607 -0.0011114835
37.588067 -0.0009724996
37.605596 -0.0008566085
37.622989 -0.0010755634
37.640457 -0.0012362588
37.657862 -0.00097259343
37.675045 -0.00078563322
37.692375 -0.00044527936
37.709769 -0.00037928365
37.727201 -0.00022013263
37.744657 -0.00018562398
37.762113 0.00015387976
37.779719 0.00052589988
37.79726 0.0008472229
37.814763 0.00086839563
37.832418 0.0010191848
37.850072 0.0013749196
37.867688 0.0016005165
37.885433 0.0017114128
37.903008 0.001446737
37.920531 0.0013931699
37.938151 0.001575111
37.955787 0.0019339983
37.973441 0.0017899487
37.990937 0.0014790916
38.008591 0.0011401733
38.026174 0.0009673517
38.043847 0.0010256539
38.061489 0.00095330995
38.079129 0.00061895243
38.096628 0.00048683372
38.114151 5.3182065e-005
38.131681 -0.00016994464
38.149179 -0.00040870933
38.166767 -0.00065431493
38.184201 -0.00069732138
38.201638 -0.00089298282
38.219012 -0.0008779513
38.236438 -0.00087383592
38.253661 -0.00098875471
38.270847 -0.0011584866
38.288194 -0.00099907101
38.305502 -0.0008485679
38.322924 -0.00021351708
38.340363 -4.6273426e-005
38.357627 6.589068e-006
38.374944 -1.5340853e-005
38.39217 -5.698426e-005
38.409487 0.00013468903
38.426906 0.00035728323
38.444245 0.00056180256
38.461615 0.00067235869
38.479117 0.00034349808
38.496434 0.00031684481
38.513934 0.000157585
38.531317 9.5291213e-005
38.548804 -6.3924295e-005
38.566344 -0.00022284799
38.583775 -0.0003593227
38.601382 -0.0003417652
38.61881 -0.00021254997
38.636197 -0.00037512158
38.653788 -0.00050611037
38.671379 -0.0005556339
38.688732 7.5364068e-005
38.70609 0.00034514028
38.723417 0.0005867498
38.740909 0.00073186349
38.758239 0.00088271469
38.775708 0.0010676772
38.793176 0.001281155
38.810571 0.0013282558
38.828167 0.0009298612
38.845765 0.00094518331
38.863231 0.00081497508
38.880566 0.00080531425
38.898178 0.00060732049
38.915862 0.00050389525
38.933424 0.00038455125
38.950909 1.8745955e-005
38.968438 0.00016004449
38.985904 0.00040367523
39.003485 0.00042528085
39.020888 0.00040003695
39.038332 0.00060680168
39.055886 0.00032931881
39.073445 0.00069093053
39.091053 0.00078403108
39.108415 0.0006217064
39.125787 0.00062280297
39.1432 0.00047201229
39.160499 0.00048198385
39.177947 -1.0648212e-006
39.195444 -0.00026351463
39.21275 -0.00029030234
39.230348 -0.00041333549
39.247887 -0.00042154212
39.265079 -0.00030445025
39.282367 -0.00070912641
39.29977 -0.00093152426
39.317298 -0.0011050821
39.334807 -0.0011625541
39.352346 -0.0012392728
39.369998 -0.0012457325
39.387752 -0.0010595025
39.405533 -0.00093561055
39.423293 -0.0012396277
39.440866 -0.0011735083
39.458434 -0.0010893936
39.476128 -0.00086017311
39.493624 -0.00067635372
39.511153 -0.00023941595
39.52879 0.00024472782
39.546472 -2.1305622e-005
39.564172 -9.3952694e-005
39.581825 -3.9712984e-005
39.599306 0.00022665152
39.616563 0.00019132817
39.633979 9.5126819e-005
39.65149 0.00033760718
39.668868 0.00045440352
39.686322 0.00043490087
39.703985 0.00054837418
39.721511 0.00012201879
39.738906 -0.00034582711
39.756392 -0.00040903914
39.773751 -0.00013248442
39.79128 0.00022807815
39.808537 -2.2476869e-005
39.825943 -0.00013111465
39.843208 0.00027032458
39.860687 0.00053631302
39.878247 0.00023161024
39.895827 0.00013790586
39.913325 0.00019462296
39.930852 0.00045388686
39.948361 0.00086614166

