40.034541 0.0009934576
40.051906 0.0013628874
40.06934 0.0011375703
40.086651 0.0012407037
40.10405 0.0015920799
40.121441 0.0014768057
40.138769 0.0013800992
40.156258 0.0013093541
40.173697 0.0015568538
40.191169 0.0015888214
40.208572 0.0018971058
40.226096 0.0017583237
40.243562 0.0016884382
40.261196 0.0012748508
40.278725 0.0014198127
40.296326 0.0013612444
40.313869 0.0012146234
40.331361 0.0013523229
40.348718 0.0012511615
40.365926 0.0012514758
40.383022 0.00088515029
40.400272 0.0010054739
40.4174 0.00087768879
40.434666 0.00089675556
40.451862 0.00082032936
40.469072 0.00055959979
40.48629 0.00043127725
40.50334 0.00032465921
40.520388 0.00052599083
40.537515 0.00042628233
40.554679 0.00066345852
40.571991 0.00082999272
40.589622 0.00098228744
40.607067 0.0008124716
40.624554 0.0005247833
40.642017 -8.0120773e-006
40.659404 -0.00035144917
40.676435 -5.2214471e-005
40.693683 0.0001467796
40.711093 0.0003198225
40.728577 -0.00027939558
40.745995 -0.00010070209
40.763587 3.0612503e-005
40.781147 6.4508402e-005
40.798593 -0.00014998621
40.816156 -0.00027062698
40.833653 3.370026e-005
40.851254 0.00059325442
40.868858 0.0010191396
40.88654 0.00096799332
40.904128 0.00051350098
40.921541 0.00030177304
40.939032 0.00061904824
40.956818 0.00052078575
40.97433 0.0002455531
40.991817 1.137606e-005
41.009277 0.00019517056
41.026726 0.00030771738
41.04408 0.00011099497
41.061301 -4.6798991e-005
41.078644 -0.00015742134
41.096013 -0.00010447432
41.11344 0.00015257838
41.131014 0.00033299301
41.148425 0.00034595429
41.165668 4.5250238e-005
41.182956 1.2065854e-005
41.200364 -0.00022502144
41.217752 -0.00047468328
41.235104 -0.00058567077
41.252634 -0.00092879616
41.270146 -0.001266383
41.287706 -0.0013782876
41.305276 -0.0014853095
41.322831 -0.0017126271
41.340339 -0.0017707472
41.357985 -0.001980897
41.375446 -0.0019833663
41.392999 -0.0020340307
41.41079 -0.0015939912
41.428548 -0.0014820605
41.446185 -0.0015303809
41.463938 -0.0013137548
41.481611 -0.0007824239
41.49934 -0.00082296641
41.51709 -0.00078102726
41.534692 -0.00085255244
41.552301 -0.00082323308
41.569768 -0.00092206513
41.587375 -0.0010297836
41.605009 -0.0010906972
41.622353 -0.0013876746
41.639591 -0.0012740579
41.657094 -0.0010494429
41.674395 -0.00091471993
41.691874 -0.0011060744
41.709167 -0.00072554757
41.726693 -0.00077451979
41.74421 -0.000789315
41.761657 -0.00075977643
41.779195 -0.00075937222
41.796526 -0.00064701496
41.813863 -0.0009657445
41.83134 -0.00075830396
41.848949 -0.00055706848
41.866293 -0.00077154247
41.883782 -0.00070560282
41.901183 -0.00080110199
41.918583 -0.0015109788
41.935901 -0.0016729959
41.953174 -0.0015754216
41.970544 -0.0015876451
41.987844 -0.0014704272
42.005421 -0.0015616364
42.022973 -0.0014323068
42.040469 -0.00181287
42.057951 -0.0023383681
42.075486 -0.0024306858
42.09294 -0.0025590345
42.110413 -0.002532768
42.128013 -0.0020578754
42.145501 -0.0019704308
42.162942 -0.0019524124
42.180501 -0.0019991717
42.198173 -0.0018939393
42.215787 -0.001619628
42.233409 -0.001546176
42.250782 -0.0012744656
42.2681 -0.0010625106
42.285588 -0.00090490166
42.303026 -0.00096880766
42.320428 -0.0012805746
42.337847 -0.0016547473
42.355157 -0.0017051408
42.372605 -0.0018073406
42.389955 -0.0017352411
42.407069 -0.0015642043
42.424058 -0.0013990959
42.441174 -0.0013482804
42.458326 -0.0015289542
42.47562 -0.0015702245
42.492662 -0.0014592593
42.509779 -0.0015019707
42.526805 -0.0010490084
42.543952 -0.00052659396
42.561393 -0.00055675269
42.578608 -0.00059144694
42.595771 -0.00088765089
42.613093 -0.001176639
42.630547 -0.0011156533
42.6478 -0.0010660274
42.665295 -0.00090335387
42.682594 -0.000751799
42.700161 -0.0009579933
42.717706 -0.00080828597
42.735412 -0.0011482487
42.752946 -0.0012462054
42.770409 -0.00096250111
42.788039 -0.00076317848
42.805546 -0.00046457888
42.823257 -0.00059665109
42.840553 -0.00084087148
42.858054 -0.00069270893
42.875578 -0.00074053334
42.893143 -0.00079251258
42.910618 -0.00080466849
42.927992 -0.0011205023
42.945492 -0.00099556859
42.962989 -0.00080979691
42.980354 -0.00082311636
42.997757 -0.00050670386
43.015212 -0.00032291167
43.032598 0.00015869911
43.050288 -5.2712813e-005
43.067972 -0.00015340085
43.085512 1.0292129e-005
43.103031 -0.00011297308
43.120647 -9.3765508e-005
43.1381 0.00042696047
43.155462 0.00053951975
43.172655 8.9327913e-005
43.189916 4.3289326e-005
43.207215 3.802782e-005
43.224647 -0.00028608271
43.241968 -0.00055626295
43.259397 -0.00023943472
43.276761 1.5446632e-005
43.294046 8.1739859e-005
43.311308 0.00010302448
43.32861 0.00028520273
43.346256 -0.00015773118
43.363704 4.8284094e-005
43.381261 0.00023138061
43.398852 -4.1889505e-005
43.416387 -0.00010766586
43.433929 0.00022295473
43.451395 0.00031915379
43.468886 0.00043358458
43.486372 0.00027086894
43.503862 8.9424474e-005
43.521688 0.00034354822
43.539348 0.00027912092
43.556892 0.00024144683
43.574457 -4.7159626e-005
43.59202 7.9244906e-005
43.609701 0.00029819477
43.62736 1.4240976e-005
43.644847 0.00011646994
43.662477 0.00012440721
43.679969 -0.0001839015
43.697525 -0.00020213832
43.714962 -9.4741842e-005
43.732223 -9.7341957e-005
43.749553 4.9366825e-005
43.766709 0.00054217248
43.783942 0.00087266097
43.801292 0.00081468347
43.81845 0.0010169756
43.835667 0.00093912842
43.852929 0.00060649915
43.870149 0.00050407149
43.887465 0.00068622421
43.904547 0.00064870899
43.92203 0.00085487842
43.93942 0.00089690323
43.956659 0.00061510091
43.97407 0.00019141083
43.991501 -0.0001081925
44.008933 0.00026641453
44.026469 0.00028300171
44.043956 0.00056449109
44.061443 0.00056315247
44.078982 0.0008133965
44.096284 0.00096183879
44.113871 0.0010276617
44.13136 0.00071312553
44.148914 0.00067678551
44.166602 0.00097784524
44.184237 0.0011556384
44.201817 0.0011140725
44.219254 0.00063406466
44.236733 0.00043619828
44.254177 0.00038390219
44.271689 0.0006959599
44.28912 0.00051645524
44.306662 0.00034930715
44.3241 0.00052453055
44.341511 0.0010557027
44.358945 0.0012191491
44.376362 0.0011210121
44.393737 0.0010351302
44.411238 0.0011053202
44.428783 0.0013767722
44.446217 0.0019422738
44.463498 0.0020268669
44.4807 0.0020519941
44.498 0.0022229008
44.51529 0.0020875589
44.532617 0.0020291606
44.549799 0.0017612226
44.566928 0.0018630318
44.584129 0.0019174193
44.601307 0.0021659561
44.618418 0.0021585888
44.635673 0.0020771685
44.652883 0.0016168747
44.670355 0.00122305
44.687769 0.00075475174
44.705065 0.00080017413
44.722521 0.00079031322
44.739873 0.00082282843
44.757379 0.00051578826
44.774776 -3.3108625e-005
44.792169 0.00011505026
44.809582 0.00045838997
44.826968 0.00087571089
44.844343 0.0011637629
44.861714 0.0014788748
44.878995 0.0020280153
44.896311 0.0025270445
44.913661 0.002488918
44.931001 0.0029075737
44.948365 0.0030916082
44.965641 0.0034607641
44.982893 0.0036940452
45.00017 0.0038977539
45.017587 0.0035812977
45.034982 0.003236067
45.052291 0.0030020514
45.069673 0.002731729
45.08715 0.0024281394
45.104671 0.0019118869
45.12225 0.0017746338
45.139884 0.0015372424
45.157407 0.0013108933
45.174897 0.0013742593
45.19243 0.0016799237
45.210081 0.0014394273
45.227655 0.0014565748
45.245247 0.0013838479
45.262828 0.0012568788
45.280436 0.0013494628
45.297879 0.0017325297
45.315303 0.0020049735
45.332635 0.0019843423
45.349854 0.0020006394
45.367141 0.0020614239
45.384436 0.0017608599
45.402095 0.0013198037
45.419428 0.0013165935
45.436815 0.0011342181
45.454311 0.0012242874
45.471646 0.0012270063
45.489056 0.0011835605
45.506501 0.0011390565
45.52402 0.0014433473
45.541698 0.0016064726
45.559196 0.0012913411
45.576859 0.0010873348
45.594592 0.0010959476
45.611954 0.0012842176
45.629428 0.0013630974
45.646808 0.0016427929
45.664216 0.0020261057
45.681681 0.0022704185
45.698971 0.0025356857
45.716389 0.002524334
45.733915 0.0020154171
45.751283 0.0018922596
45.768811 0.0023400194
45.786307 0.0025335452
45.803784 0.0026624562
45.82117 0.0026113145
45.838766 0.0023774904
45.856328 0.0022213383
45.873645 0.001887773
45.891082 0.001782232
45.908463 0.0013763045
45.925868 0.0014998154
45.943111 0.0019298645
45.960439 0.0023472688
45.977896 0.00242214
45.995074 0.0025229386
46.012431 0.0022605999
46.02982 0.0024580858
46.046939 0.0026179152
46.064152 0.0024615369
46.081685 0.0022988015
46.099119 0.0022726105
46.116601 0.0024390184
46.134106 0.0023828268
46.151764 0.0020922843
46.169332 0.0015797168
46.186798 0.0012965426
46.204425 0.0012424092
46.221919 0.0014221757
46.23947 0.0012239827
46.257076 0.0010897368
46.274723 0.0012987661
46.292082 0.0013032172
46.30959 0.0014021433
46.327117 0.0012612826
46.344449 0.00089831144
46.361866 0.0011007332
46.379263 0.00092948301
46.396556 0.0010855029
46.413937 0.0010800634
46.431322 0.0010151093
46.448697 0.00086896383
46.466031 0.00070512721
46.483335 0.00020612939
46.500798 2.8115503e-005
46.518066 -0.00023504456
46.535246 -0.00041217882
46.552394 -0.00056357885
46.569515 -0.0010090041
46.586694 -0.0011753354
46.603885 -0.0017428008
46.62094 -0.0021855797
46.638014 -0.002345157
46.655206 -0.0023707263
46.672458 -0.0022800984
46.689741 -0.0018086792
46.706797 -0.0015390048
46.724152 -0.0015515176
46.74158 -0.0015631926
46.759179 -0.0016992595
46.776424 -0.0015712565
46.793728 -0.0013610981
46.811113 -0.00098671044
46.82869 -0.00078668294
46.846102 -0.00072840173
46.863442 -0.00056434223
46.880845 -0.00051692582
46.898262 -0.00062153973
46.915971 -0.00091061931
46.933343 -0.00092985133
46.950717 -0.00071070098
46.968045 -0.00069251294
46.985595 -0.0010551959
47.003032 -0.0010851122
47.020593 -0.0013726807
47.037904 -0.0015751872
47.055526 -0.0019231979
47.073074 -0.0022995402
47.090632 -0.0025301056
47.108104 -0.0027505956
47.125397 -0.0025715706
47.142829 -0.0025734564
47.160411 -0.0028717073
47.177767 -0.0027767546
47.19517 -0.0022412181
47.212845 -0.0021180554
47.230331 -0.0021238822
47.247876 -0.0019825311
47.265241 -0.0017677388
47.282707 -0.0017437079
47.300002 -0.0019538028
47.317341 -0.0018774615
47.334693 -0.0017912071
47.352063 -0.0021767936
47.369307 -0.0022323071
47.386736 -0.0023904443
47.404083 -0.0029463451
47.42118 -0.0030492895
47.438218 -0.002857878
47.455372 -0.0028944883
47.472598 -0.0027932849
47.489779 -0.0024620356
47.507071 -0.0021610467
47.524369 -0.0022764955
47.541736 -0.0023802721
47.559138 -0.0021330531
47.576511 -0.0021179988
47.594058 -0.0020950803
47.611616 -0.0018803472
47.629225 -0.0018198216
47.646985 -0.0019545561
47.664708 -0.0019988456
47.682267 -0.0019699777
47.699896 -0.0020973763
47.717528 -0.0022523568
47.735174 -0.0020173749
47.752812 -0.0021375208
47.770307 -0.0019824869
47.787968 -0.0018599597
47.805423 -0.0019083825
47.822865 -0.00199119
47.840308 -0.0020136889
47.857658 -0.002064546
47.875002 -0.002319446
47.892411 -0.0024208635
47.910026 -0.0024237905
47.927537 -0.0023046258
47.94503 -0.002614099
47.962455 -0.0025726983
47.979892 -0.0028404479
47.99725 -0.0029908759
48.014609 -0.0028580046
48.032085 -0.0027090596
48.049498 -0.0029870007
48.06682 -0.0032992262
48.084172 -0.0030947114
48.101454 -0.00323644
48.118583 -0.003200554
48.135872 -0.0028734507
48.153188 -0.002832759
48.170448 -0.0028416201
48.187811 -0.002702101
48.205225 -0.0023977942
48.222496 -0.0022203871
48.239724 -0.0020558907
48.256965 -0.0021635095
48.274433 -0.0017305475
48.29172 -0.0015863944
48.309313 -0.001609704
48.326878 -0.0017091721
48.344372 -0.0020879523
48.361844 -0.0021845958
48.379336 -0.0023790018
48.396889 -0.0026681169
48.414326 -0.0031928057
48.432073 -0.0033317294
48.449691 -0.0034358778
48.46723 -0.0032037505
48.484785 -0.0032705878
48.50262 -0.0031321483
48.52004 -0.0026592904
48.537384 -0.0026630191
48.554631 -0.0025583922
48.572117 -0.002312544
48.589555 -0.0021458799
48.606776 -0.0017068922
48.624097 -0.0011476617
48.641454 -0.0010624019
48.658801 -0.001030425
48.676262 -0.0010954967
48.69367 -0.0010160134
48.710833 -0.00090163755
48.728154 -0.001114099
48.745438 -0.0010332081
48.762846 -0.0012068612
48.780075 -0.0011193134
48.797297 -0.00094990839
48.814604 -0.00077901176
48.831904 -0.00074525778
48.849073 -0.0007228982
48.866255 -0.00030967806
48.883442 0.00038799881
48.900519 0.00057833067
48.917702 0.00046121124
48.934977 0.00066693687
48.952337 0.0006171566
48.969694 0.0010084293
48.986866 0.0011255626
49.004318 0.0012280382
49.021872 0.0011898714
49.039175 0.0012672251
49.05641 0.0015993402
49.073721 0.0015024942
49.091011 0.0010937834
49.108413 0.0013329337
49.125745 0.0015847398
49.143151 0.0015964857
49.160655 0.0019213878
49.178008 0.001939842
49.195558 0.001861465
49.212941 0.0017038256
49.230225 0.0015893623
49.247667 0.0013020937
49.265176 0.00075041203
49.282619 0.00020557617
49.30013 0.00030437752
49.317565 0.0003675143
49.335183 0.00033912132
49.352695 0.00043454044
49.37 0.00022164181
49.387562 8.1969873e-005
49.404972 0.0002967673
49.422326 0.00060290323
49.439872 0.00080697088
49.457234 0.0010738744
49.474601 0.0012892104
49.491943 0.0017784535
49.509275 0.0019803645
49.526633 0.0016907724
49.543927 0.0015901006
49.561258 0.0015194831
49.578656 0.0019014463
49.596001 0.0021538855
49.61342 0.0021552615
49.630872 0.0021934886
49.648133 0.0021951628
49.665597 0.0022703403
49.683145 0.0023119652
49.700648 0.0023604681
49.718237 0.0025605209
49.735741 0.0028714113
49.753291 0.0030418127
49.770835 0.0030710746
49.788385 0.0029188079
49.805812 0.0028634332
49.823297 0.0030371782
49.840758 0.0028178603
49.858216 0.0027025494
49.875515 0.0028002834
49.892898 0.0032134604
49.910406 0.0032801745
49.927822 0.0032113485
49.945256 0.0030785964
49.962529 0.0031847749
49.979767 0.0033353159
49.996977 0.0036215751
50.014267 0.00380707
50.031486 0.004176084
50.048777 0.0048569246
50.066074 0.0052322181
50.083689 0.0056519186
50.101137 0.0058652277
50.118517 0.0062142045
50.135942 0.0063816277
50.153459 0.0067259025
50.170954 0.0063521959
50.18837 0.0066295888
50.206052 0.0064447406
50.223589 0.0061106124
50.241103 0.0057194475
50.258634 0.0053452932
50.276163 0.0050821757
50.293599 0.0049364317
50.311084 0.0048663344
50.328633 0.004758653
50.346025 0.0048880599
50.363378 0.0049166
50.380814 0.0052425267
50.398226 0.0052173542
50.415469 0.0054156442
50.432884 0.0059618836
50.450411 0.0062449974
50.467811 0.006388724
50.485133 0.0065505743
50.502558 0.0067668354
50.519812 0.0071014438
50.537127 0.0073053056
50.554547 0.0072486803
50.571854 0.0072993745
50.589146 0.0077254181
50.606611 0.0080864669
50.623959 0.0082896252
50.641206 0.0085917121
50.658287 0.0089563843
50.675273 0.0093912868
50.692571 0.0096303364
50.709738 0.0099417655
50.726981 0.010102213
50.744121 0.0099924759
50.76129 0.010151339
50.778436 0.010241128
50.795825 0.010441524
50.813026 0.010228359
50.830396 0.010499995
50.847653 0.010325924
50.865084 0.010199913
50.882629 0.010207877
50.900051 0.010627617
50.917462 0.010238895
50.934908 0.0099520798
50.952396 0.0099345308
50.969852 0.010057437
50.987495 0.0098770768
51.004882 0.0095596333
51.022373 0.0096666471
51.039744 0.0096635781
51.057155 0.010153668
51.074522 0.010040588
51.092023 0.01010251
51.109358 0.010299972
51.12671 0.010802404
51.144046 0.011281105
51.1614 0.011724827
51.178752 0.011737537
51.195876 0.01224358
51.213155 0.012437705
51.230412 0.012563784
51.247769 0.012703109
51.26535 0.012821078
51.282925 0.013209827
51.300298 0.01348124
51.317841 0.013672512
51.335331 0.013596135
51.352856 0.013232649
51.370257 0.012967847
51.387581 0.013172153
51.405042 0.013184613
51.422397 0.013522681
51.439748 0.014030622
51.456964 0.01421967
51.474145 0.014296988
51.491175 0.014088582
51.508435 0.01389813
51.525617 0.013631724
51.542853 0.013715182
51.559991 0.01407765
51.57732 0.014720058
51.594732 0.015094829
51.612096 0.015081191
51.629493 0.01523533
51.646824 0.015383129
51.664237 0.015690236
51.681626 0.015734172
51.699056 0.016346296
51.716492 0.016698798
51.73397 0.01696254
51.751307 0.017259056
51.768792 0.017630292
51.786327 0.01759418
51.803873 0.017634701
51.821479 0.018192391
51.839062 0.018504955
51.856745 0.018660755
51.874286 0.018897272
51.891811 0.018953022
51.909401 0.019055196
51.926975 0.019235602
51.944414 0.019620081
51.962042 0.0198824
51.979541 0.0199361
51.996872 0.02039016
52.014137 0.020876858
52.031517 0.021001564
52.048818 0.020984234
52.066042 0.020850969
52.083459 0.020718749
52.100706 0.021107778
52.11813 0.021329022
52.135322 0.021407303
52.15253 0.021451461
52.16974 0.02163177
52.186929 0.022310039
52.204029 0.022279744
52.221333 0.021962062
52.238561 0.022058489
52.255868 0.022191053
52.273317 0.022439018
52.290746 0.022962991
52.308305 0.023016743
52.32558 0.023058824
52.342984 0.023268631
52.360512 0.023411904
52.378068 0.023599671
52.39558 0.023404198
52.413069 0.023574573
52.430536 0.024132847
52.447902 0.024384925
52.465411 0.024852452
52.482657 0.025284384
52.499988 0.025246758
52.517503 0.025371705
52.534844 0.026098668
52.552261 0.026533605
52.569807 0.026757264
52.587179 0.027019935
52.604597 0.027133023
52.62222 0.027366773
52.639786 0.027451599
52.657224 0.027851819
52.674688 0.027982418
52.692151 0.028295994
52.709433 0.028645212
52.726505 0.029149568
52.743728 0.028981781
52.760964 0.029074695
52.778043 0.029393491
52.795079 0.029921083
52.812209 0.030498574
52.829277 0.030752873
52.846191 0.031003207
52.863196 0.031049283
52.880294 0.031055206
52.897558 0.031029761
52.914702 0.030862112
52.931872 0.030866833
52.949191 0.031286304
52.96642 0.031513125
52.983762 0.031554828
53.001197 0.031531375
53.018546 0.031549478
53.035867 0.032080146
53.053238 0.032231425
53.070759 0.032175504
53.087938 0.032341853
53.105173 0.032642124
53.122553 0.032996933
53.139694 0.033113355
53.157016 0.032946182
53.174448 0.033375731
53.191847 0.03374758
53.209216 0.033981885
53.226719 0.034200155
53.244156 0.034208011
53.261837 0.03443154
53.279378 0.034900814
53.296902 0.035312216
53.314469 0.035215859
53.332009 0.035565109
53.349634 0.035966779
53.36718 0.036337356
53.384604 0.036559609
53.402041 0.036615544
53.419571 0.03700231
53.436831 0.03726607
53.454208 0.037802907
53.471351 0.038350604
53.488653 0.038755557
53.505968 0.038985188
53.52313 0.039404882
53.540315 0.039733772
53.55768 0.040136005
53.574941 0.040665843
53.59225 0.041100173
53.609578 0.04164349
53.626878 0.041602353
53.644337 0.041830469
53.66183 0.041931348
53.679317 0.041969915
53.696625 0.04203719
53.714229 0.042341825
53.731751 0.042708201
53.749208 0.043118201
53.766726 0.043221364
53.784252 0.043084937
53.801881 0.043024851
53.819326 0.043186212
53.83669 0.043588363
53.854156 0.043947802
53.871494 0.044034592
53.888838 0.044380686
53.906217 0.04508959
53.923359 0.045256188
53.940809 0.045569761
53.958274 0.045761104
53.975563 0.046073305
53.992907 0.046781351
54.010107 0.047093915
54.027482 0.047662551
54.044763 0.048047298
54.062065 0.048276124
54.079453 0.048692401
54.096936 0.048873597
54.114394 0.048769483
54.131765 0.049539842
54.14919 0.049850991
54.166426 0.049862319
54.183767 0.050493082
54.201024 0.050893473
54.21836 0.051394948
54.235536 0.051586108
54.252982 0.05174626
54.270256 0.052097474
54.287538 0.052454087
54.304813 0.05296232
54.322134 0.053440924
54.339662 0.053578249
54.356757 0.053886094
54.374285 0.054413384
54.391851 0.054554627
54.409197 0.054551439
54.426636 0.054775056
54.444005 0.054896023
54.461246 0.055037331
54.47853 0.055084849
54.495796 0.055205414
54.512977 0.05537655
54.5303 0.05544203
54.547615 0.055665074
54.565078 0.055933773
54.582365 0.056459321
54.599585 0.056711373
54.616957 0.056868285
54.634248 0.056870974
54.651728 0.057256441
54.66909 0.057539764
54.686667 0.058000213
54.704105 0.058938429
54.721608 0.05947299
54.738961 0.059720749
54.756192 0.059854157
54.773493 0.060011169
54.790643 0.060140327
54.807559 0.060337328
54.824769 0.060362546
54.842094 0.060416699
54.859141 0.060774414
54.876221 0.061014813
54.893148 0.061266254
54.910145 0.060856297
54.927211 0.06053089
54.944384 0.060666001
54.961488 0.060670507
54.97849 0.060847699
54.995905 0.060968267
55.013329 0.060779272
55.030659 0.061030375
55.047674 0.061178124
55.064839 0.060866617
55.082202 0.060818339
55.099669 0.06085342
55.117212 0.061331406
55.13449 0.06168963
55.151779 0.061879393
55.169294 0.062129832
55.186871 0.06235745
55.204165 0.062361374
55.221469 0.062704784
55.238725 0.062906674
55.256223 0.063378066
55.273732 0.063699993
55.29114 0.064024655
55.308592 0.063941562
55.325855 0.063915645
55.343205 0.064102199
55.360657 0.064212
55.377952 0.064228636
55.395335 0.064221793
55.412569 0.0640922
55.430039 0.06396279
55.447589 0.063955486
55.464947 0.063686204
55.482378 0.063670665
55.499628 0.063515718
55.516732 0.063533177
55.533915 0.063312688
55.55126 0.063269549
55.568552 0.063455628
55.585766 0.063762632
55.602956 0.064068357
55.620268 0.064145358
55.637574 0.06417101
55.654723 0.063768498
55.672043 0.063907797
55.689314 0.063678521
55.706852 0.063816022
55.724316 0.064034653
55.741875 0.064114159
55.759147 0.064042775
55.776398 0.063881265
55.79364 0.063738249
55.810953 0.063585866
55.828312 0.063665821
55.845653 0.063893804
55.86307 0.064259676
55.880472 0.064330731
55.897771 0.064561417
55.915022 0.064355578
55.932315 0.06423687
55.949715 0.064480653
55.967266 0.064646201
55.984764 0.064721964
56.00228 0.064975615
56.01979 0.064878911
56.037314 0.064888887
56.05492 0.064725058
56.072399 0.065120618
56.089787 0.06540843
56.107264 0.065586798
56.124776 0.06584593
56.14232 0.066027671
56.15995 0.06592381
56.177254 0.066126057
56.194375 0.066436802
56.211788 0.066366591
56.22908 0.066153083
56.2463 0.065997809
56.263425 0.066141583
56.280729 0.066139559
56.297986 0.066350061
56.315125 0.066533422
56.332419 0.066889745
56.3496 0.067057184
56.366443 0.066995121
56.383651 0.066784864
56.401122 0.066394143
56.418504 0.066311778
56.435842 0.066842094
56.453262 0.067129596
56.470759 0.067361026
56.488112 0.067685973
56.505499 0.067683627
56.522899 0.067910904
56.540249 0.068127551
56.557683 0.068360486
56.575216 0.068773481
56.59274 0.069177963
56.610196 0.070080885
56.62737 0.070678204
56.644787 0.070604015
56.661928 0.070957534
56.679124 0.070918843
56.696399 0.07087718
56.713805 0.070874225
56.731285 0.071060038
56.74858 0.071093257
56.765809 0.071055021
56.783245 0.071179413
56.800549 0.071146946
56.81788 0.071003821
56.835414 0.070991114
56.852564 0.071368553
56.869831 0.071513976
56.886941 0.072069252
56.904018 0.072315777
56.921057 0.072524293
56.938126 0.072612306
56.955152 0.072525052
56.972277 0.072476851
56.989233 0.072276889
57.006346 0.072561969
57.023252 0.07232833
57.040252 0.072164486
57.057371 0.072199723
57.074654 0.072131361
57.091881 0.071846061
57.109225 0.071829737
57.126386 0.072208932
57.143578 0.072288672
57.160995 0.072804951
57.178334 0.073246158
57.195718 0.07383763
57.213042 0.074245958
57.230555 0.075048966
57.247894 0.075749958
57.265189 0.076207631
57.282615 0.076944995
57.300143 0.077662558
57.317555 0.078104092
57.335084 0.078355595
57.35262 0.078894402
57.369873 0.079148586
57.387267 0.079581973
57.404641 0.079835276
57.42192 0.079928634
57.439354 0.079922915
57.456838 0.079978713
57.474472 0.080157173
57.491937 0.080228881
57.5093 0.080565283
57.526774 0.080773341
57.544316 0.080842841
57.561677 0.081028972
57.579213 0.081134049
57.596812 0.081228309
57.614342 0.081148963
57.631913 0.080948667
57.649379 0.081084914
57.666674 0.08145231
57.683924 0.081828336
57.701143 0.082209711
57.718474 0.082303789
57.735641 0.082804378
57.752822 0.083167632
57.770087 0.083250147
57.787396 0.083609866
57.804504 0.084045198
57.821609 0.084775319
57.838748 0.085789132
57.855888 0.08631394
57.873248 0.086535995
57.890638 0.087122534
57.908071 0.087215223
57.925526 0.087205984
57.942913 0.087146193
57.96051 0.08757513
57.978015 0.088117281
57.995348 0.088437538
58.012761 0.088780846
58.030226 0.088936764
58.04765 0.088599517
58.065055 0.088627235
58.082463 0.088977047
58.099821 0.088720232
58.117177 0.088838255
58.134497 0.08942937
58.151923 0.089954867
58.16901 0.089974904
58.186322 0.089926431
58.203583 0.09002628
58.220823 0.090104992
58.238025 0.090180695
58.25536 0.090832162
58.272587 0.091259028
58.28973 0.091452525
58.30699 0.091834964
58.324175 0.092416497
58.341549 0.092211663
58.35882 0.092288486
58.37607 0.092516171
58.393352 0.092583436
58.410653 0.092858615
58.428005 0.092858347
58.445489 0.092698786
58.462847 0.092410702
58.480433 0.092180244
58.497837 0.092014394
58.515202 0.092061481
58.532664 0.091821479
58.549847 0.092103114
58.567186 0.091745683
58.584482 0.091481985
58.601844 0.091679608
58.619332 0.091627622
58.63667 0.091684889
58.653941 0.09195266
58.67134 0.092195925
58.688478 0.092338758
58.705737 0.092267727
58.723103 0.091858112
58.740339 0.091783777
58.757673 0.092035396
58.774893 0.092381116
58.792313 0.092406011
58.809575 0.092429753
58.826756 0.092353286
58.844023 0.092225157
58.86134 0.092355524
58.878586 0.092291192
58.895857 0.092493077
58.913239 0.092520576
58.930367 0.092975014
58.947388 0.093293914
58.964433 0.09289098
58.981635 0.092474013
58.998769 0.092564504
59.016068 0.092529371
59.033268 0.092282109
59.050524 0.092175646
59.067712 0.091699641
59.084933 0.091734258
59.102191 0.091420702
59.11923 0.091387883
59.136319 0.091140557
59.153912 0.09080493
59.171235 0.090704433
59.188713 0.090828792
59.206133 0.090515118
59.223306 0.090526755
59.240738 0.09074856
59.25808 0.090944699
59.27552 0.091402777
59.292968 0.091219195
59.310314 0.090916335
59.327709 0.090726909
59.345475 0.090354364
59.362715 0.090254884
59.380284 0.090436137
59.397531 0.090303878
59.414819 0.090455644
59.432239 0.090075082
59.449443 0.089375422
59.466683 0.088724533
59.483921 0.088160473
59.501041 0.087958322
59.518257 0.088098002
59.535355 0.088011593
59.552282 0.087615389
59.56945 0.087490416
59.586348 0.087124598
59.603604 0.086668978
59.620936 0.086402166
59.638175 0.086294539
59.655487 0.086338566
59.672746 0.086168819
59.689908 0.086078055
59.707259 0.085732859
59.724471 0.085476504
59.742265 0.085362752
59.759884 0.085851003
59.777651 0.085534725
59.795423 0.085413625
59.812965 0.085478728
59.830329 0.085462685
59.847646 0.085592175
59.864998 0.085538376
59.882443 0.085579243
59.899888 0.085334035
59.917193 0.085141622
59.934666 0.084800694
59.951769 0.084327845
59.969068 0.084016908
59.986139 0.084114286
60.003466 0.083893628
60.020688 0.08389855
60.037931 0.083697468
60.055273 0.083074352
60.072604 0.082981602
60.090048 0.083221529
60.107334 0.083524339
60.124773 0.08363486
60.142241 0.084097781
60.159697 0.084386015
60.177035 0.084033168
60.194481 0.08382074
60.211655 0.083706399
60.229069 0.083361191
60.246364 0.083295853
60.263656 0.083189287
60.280843 0.083085305
60.297864 0.082934806
60.31524 0.082501283
60.332538 0.082489717
60.349735 0.081647939
60.367 0.081374541
60.384105 0.081454934
60.401139 0.081182643
60.418557 0.08075379
60.43574 0.080772917
60.453108 0.080578366
60.470571 0.080655562
60.487982 0.080741037
60.505352 0.080326349
60.522629 0.080020858
60.540073 0.079370769
60.55758 0.079480798
60.574977 0.079247161
60.592502 0.079234941
60.610092 0.079441939
60.627381 0.079746575
60.644771 0.079619257
60.662141 0.079631842
60.679299 0.079416587
60.696619 0.079187473
60.714177 0.078924353
60.73145 0.07907469
60.748473 0.079697263
60.765623 0.0797732
60.782936 0.079677322
60.800215 0.079478637
60.817377 0.079364938
60.834584 0.079365438
60.851847 0.079288695
60.86919 0.079293925
60.886624 0.079501684
60.904134 0.079524209
60.921477 0.079538186
60.938772 0.079725645
60.956359 0.079464815
60.97395 0.079161101
60.991148 0.079401389
61.008284 0.079549453
61.025647 0.07929893
61.043065 0.079347107
61.060407 0.079530348
61.077649 0.079368439
61.09486 0.079165875
61.111986 0.079004922
61.129206 0.079389643
61.146458 0.079109897
61.1634 0.079034375
61.18024 0.079104607
61.197332 0.078856508
61.214509 0.078517623
61.231571 0.078375833
61.248703 0.078074499
61.265793 0.077879953
61.283027 0.077700603
61.300283 0.077725277
61.317561 0.078085974
61.334722 0.078176666
61.352071 0.078283775
61.369449 0.078293258
61.387067 0.07854978
61.404393 0.078756452
61.421992 0.079027827
61.439622 0.079297674
61.457064 0.079368929
61.474552 0.079258413
61.492069 0.079220269
61.509484 0.079091878
61.526913 0.0789501
61.544327 0.078623471
61.561605 0.078514881
61.578768 0.078356391
61.595973 0.07817593
61.613592 0.078561272
61.63101 0.078859372
61.648142 0.079179944
61.665346 0.079431056
61.68264 0.079952615
61.699846 0.080677639
61.71722 0.081375043
61.734496 0.081581407
61.751895 0.082012878
61.769365 0.082522832
61.786912 0.082989569
61.804185 0.083394394
61.821438 0.083370113
61.838648 0.083525568
61.856109 0.083679576
61.873516 0.083866762
61.890771 0.083630191
61.90779 0.083578631
61.924911 0.083250114
61.942291 0.082871545
61.959413 0.083007882
61.976622 0.082983502
61.994055 0.083118301
62.011539 0.083293566
62.028942 0.083433651
62.046324 0.083430576
62.06378 0.083092123
62.081178 0.083331647
62.09866 0.083667295
62.116296 0.083440586
62.133781 0.083712175
62.151219 0.084053294
62.168737 0.084051332
62.186167 0.084324838
62.203365 0.084412575
62.220463 0.084351181
62.237695 0.084443421
62.255004 0.084584427
62.272006 0.0849519
62.289186 0.084995214
62.306452 0.085436746
62.323772 0.085896884
62.341175 0.085894085
62.358335 0.086157974
62.375626 0.086315335
62.393061 0.08628482
62.410548 0.086258806
62.428072 0.086524539
62.445448 0.086590733
62.462718 0.086563497
62.480253 0.08682945
62.49771 0.087215377
62.514908 0.087195199
62.532144 0.087152819
62.549373 0.087446978
62.566778 0.087615853
62.584088 0.087630853
62.601391 0.08775139
62.618672 0.087884712
62.635857 0.087674111
62.653223 0.08788847
62.670602 0.088248367
62.68789 0.088253591
62.705371 0.087965369
62.72272 0.08814642
62.74016 0.088560914
62.757644 0.089000495
62.77498 0.089088548
62.792301 0.089545735
62.809464 0.089906897
62.82672 0.0900926
62.844092 0.090459992
62.861401 0.090341114
62.878663 0.090750768
62.896017 0.090999908
62.913254 0.091158077
62.930682 0.091201681
62.947941 0.091582715
62.965035 0.091463381
62.982318 0.091588379
62.999769 0.091142655
63.017109 0.090895262
63.034568 0.090858694
63.05177 0.090765164
63.068873 0.090888569
63.085995 0.090686805
63.102836 0.090495889
63.119764 0.090422201
63.136993 0.090280424
63.154143 0.089561582
63.171431 0.089192507
63.188527 0.088920727
63.205344 0.089467906
63.222481 0.089682931
63.239353 0.090020616
63.256612 0.090462484
63.273858 0.09061758
63.291071 0.090355905
63.308523 0.090012021
63.325872 0.090297874
63.34305 0.090251077
63.360326 0.090366039
63.37769 0.090637258
63.395042 0.090933751
63.412498 0.090849295
63.429789 0.090874491
63.447456 0.090553281
63.46474 0.090283868
63.482176 0.090237892
63.499476 0.090180015
63.516828 0.090606596
63.534263 0.090233174
63.551619 0.09043969
63.568983 0.090932471
63.586143 0.090892973
63.603338 0.091057085
63.620685 0.091112624
63.63808 0.090946415
63.655198 0.091147304
63.672481 0.091284261
63.689926 0.091109133
63.707406 0.090965608
63.724891 0.090802193
63.742222 0.090847992
63.759412 0.090651653
63.776701 0.090598094
63.794044 0.09035408
63.811331 0.089874149
63.828525 0.089299465
63.845543 0.089189913
63.862781 0.089047142
63.880033 0.089041927
63.897223 0.089187499
63.914511 0.089536793
63.931694 0.089391743
63.948945 0.089569924
63.96631 0.089743616
63.983569 0.089259914
64.000816 0.089130476
64.018179 0.088962644
64.035556 0.089181363
64.053017 0.088903097
64.070367 0.08870819
64.087644 0.088477525
64.104854 0.088301401
64.122327 0.088183149
64.13971 0.088293297
64.157114 0.088229338
64.174376 0.088062208
64.191593 0.087756708
64.208957 0.087835331
64.226269 0.087813237
64.243613 0.087427577
64.260985 0.087475153
64.278207 0.087435168
64.29568 0.087408437
64.31297 0.087391515
64.330127 0.087038877
64.347325 0.087007116
64.364497 0.086768924
64.38186 0.086544012
64.399445 0.086405903
64.416833 0.086110919
64.434201 0.086273795
64.451457 0.086255995
64.468785 0.086046594
64.486045 0.085836687
64.503099 0.085431472
64.520507 0.085260557
64.537663 0.085476068
64.555041 0.085280366
64.572431 0.085183099
64.589594 0.085204495
64.606528 0.085633462
64.623893 0.086079499
64.641358 0.086066302
64.658849 0.086368226
64.676341 0.086616038
64.693818 0.086507951
64.711053 0.0868428
64.728344 0.086408246
64.745737 0.086150549
64.762816 0.086036255
64.779956 0.085543804
64.797383 0.085122301
64.81488 0.084625074
64.832068 0.084022504
64.849232 0.083424596
64.866371 0.082899302
64.883665 0.082285459
64.901001 0.082199516
64.918568 0.081681747
64.935738 0.081908329
64.953194 0.081797782
64.970909 0.081921772
64.988309 0.082423142
65.005697 0.082566758
65.023094 0.082671648
65.040478 0.082844734
65.057702 0.083305813
65.074874 0.083646179
65.092122 0.083882104
65.10935 0.084220884
65.126623 0.084493701
65.143769 0.084499134
65.160505 0.084401335
65.177217 0.084167204
65.194475 0.083733628
65.211449 0.083454992
65.228435 0.08322178
65.245444 0.083073528
65.262627 0.082818618
65.279671 0.082476746
65.296827 0.08229218
65.313872 0.081810023
65.331096 0.081753443
65.348451 0.081498089
65.366089 0.080880379
65.383419 0.080888454
65.40078 0.081053868
65.418312 0.080949451
65.435846 0.080969952
65.453257 0.080875275
65.470712 0.080798566
65.488412 0.080958624
65.505676 0.080898244
65.523101 0.080978535
65.540432 0.080789068
65.557736 0.080595107
65.575078 0.081022819
65.592678 0.080920916
65.609989 0.080652759
65.627039 0.080722719
65.644225 0.080524124
65.661596 0.080346352
65.67901 0.080054491
65.696332 0.079785974
65.713655 0.079944324
65.730954 0.079779326
65.748198 0.079626474
65.765729 0.079727387
65.783067 0.079977737
65.800445 0.079808847
65.817608 0.080007332
65.835118 0.079933483
65.852487 0.079890603
65.869688 0.080127385
65.886776 0.080514503
65.904249 0.080298115
65.921722 0.079915538
65.939065 0.079799469
65.956456 0.079593541
65.973686 0.079416622
65.990984 0.079240813
66.008216 0.07908462
66.025538 0.0789946
66.042782 0.079133616
66.060105 0.079475269
66.077462 0.079306379
66.094716 0.078943315
66.111795 0.078959598
66.128877 0.078933842
66.146226 0.078941811
66.163577 0.079056685
66.180946 0.078989239
66.198348 0.078710194
66.215782 0.078882502
66.233288 0.078819093
66.250613 0.078512748
66.267922 0.078160438
66.285347 0.077951534
66.302794 0.077819496
66.320124 0.077741617
66.337433 0.078003531
66.354838 0.077879881
66.372317 0.077380601
66.389487 0.07705023
66.40673 0.076827184
66.423973 0.076418945
66.44129 0.076105076
66.458696 0.075812295
66.476004 0.075539599
66.493279 0.075167118
66.510494 0.075079553
66.527755 0.075017006
66.545179 0.074773102
66.56232 0.07473539
66.579368 0.074768013
66.596789 0.074814369
66.614068 0.074742702
66.631294 0.074703289
66.648329 0.074607506
66.665492 0.074414675
66.682687 0.073899184
66.699912 0.073656934
66.71731 0.073206786
66.734731 0.072526538
66.752075 0.071707394
66.769489 0.071295403
66.786813 0.071031893
66.803942 0.070408836
66.821223 0.069971863
66.838454 0.069652293
66.855848 0.068858327
66.873238 0.068522964
66.890553 0.068430805
66.907681 0.068172494
66.924767 0.067842974
66.941912 0.067635076
66.959155 0.067452663
66.976308 0.066805744
66.993585 0.066570549
67.010954 0.066590545
67.028112 0.066146254
67.045564 0.065641801
67.062852 0.065590307
67.080138 0.065375512
67.097395 0.065103126
67.115016 0.0647359
67.132418 0.064137013
67.149687 0.063731574
67.166817 0.063304301
67.184149 0.063078451
67.201373 0.062647246
67.218271 0.062480305
67.235306 0.062224688
67.251951 0.0618233
67.26884 0.061479332
67.285744 0.061286878
67.302811 0.060913978
67.31963 0.060516078
67.336734 0.060702531
67.353817 0.06068878
67.370898 0.060435728
67.387921 0.060000714
67.404888 0.059537835
67.422284 0.059183127
67.439551 0.05879908
67.456965 0.058460799
67.474311 0.058354075
67.491694 0.058060894
67.508906 0.057533386
67.526135 0.056973474
67.543352 0.055868782
67.560549 0.054951929
67.577711 0.054523208
67.594926 0.054406786
67.612331 0.05406515
67.629477 0.053260035
67.646653 0.052653129
67.663831 0.052335106
67.68104 0.051298337
67.698108 0.050272687
67.715286 0.050000028
67.732453 0.049823637
67.74971 0.049715287
67.766911 0.049580075
67.784087 0.04926747
67.801327 0.048676673
67.81846 0.04805461
67.835749 0.047596696
67.853072 0.047265171
67.870405 0.046800899
67.887634 0.046335505
67.905061 0.04601323
67.922358 0.045506607
67.939568 0.045065667
67.956666 0.044886235
67.97388 0.044318053
67.991179 0.043785657
68.008304 0.043398853
68.025572 0.043320563
68.042721 0.043010457
68.060026 0.042725474
68.077405 0.04212475
68.094862 0.041864472
68.112031 0.041305436
68.129437 0.040947319
68.146723 0.040621343
68.164373 0.04017524
68.18142 0.040191601
68.198874 0.03976385
68.216363 0.039518516
68.233616 0.038783888
68.25098 0.038381245
68.268363 0.037957272
68.285593 0.037792904
68.302865 0.037633286
68.32023 0.037618804
68.337403 0.037170108
68.354871 0.036852005
68.371872 0.036930819
68.389554 0.036379284
68.406803 0.035902264
68.424063 0.035177537
68.441506 0.034790145
68.458889 0.034438724
68.476098 0.034028948
68.493449 0.033332587
68.510715 0.032809032
68.528028 0.032433451
68.545277 0.03184066
68.562431 0.031410215
68.579654 0.030618771
68.596877 0.030328106
68.614111 0.030382733
68.631393 0.030418378
68.648684 0.030382219
68.666056 0.030215612
68.683396 0.030039289
68.700665 0.029946438
68.717966 0.029588854
68.735233 0.029494465
68.752588 0.029986947
68.769992 0.030187485
68.787292 0.030197961
68.804572 0.030055285
68.821678 0.0297923
68.83905 0.029555455
68.856244 0.029509118
68.873469 0.02934
68.890767 0.029179049
68.908219 0.028983022
68.925577 0.029097406
68.942949 0.028666216
68.960319 0.028414707
68.977658 0.028011537
68.995029 0.028055625
69.012325 0.028209013
69.029805 0.028077701
69.046933 0.028069862
69.064231 0.027760674
69.081441 0.02762819
69.098711 0.027440261
69.115958 0.027598046
69.133198 0.027478285
69.150489 0.027632661
69.167875 0.027522203
69.185184 0.027159963
69.202595 0.02680821
69.219985 0.026674262
69.237441 0.026488135
69.254893 0.026220597
69.272337 0.026441462
69.289605 0.026338984
69.306796 0.026539733
69.323582 0.026644594
69.340612 0.026466489
69.357522 0.02638064
69.374379 0.026170137
69.391122 0.026334173
69.407967 0.026377697
69.424848 0.025963666
69.441607 0.02598881
69.458539 0.026139703
69.475417 0.0257209
69.492334 0.025602678
69.509215 0.025367589
69.526543 0.024995826
69.543597 0.025258255
69.560789 0.025331805
69.578097 0.025160462
69.595398 0.025219575
69.612679 0.025157548
69.630072 0.025182438
69.647417 0.025353903
69.664609 0.025216131
69.681635 0.025338534
69.698833 0.025239602
69.716131 0.025003033
69.733286 0.025032694
69.750596 0.024785234
69.768073 0.024316196
69.785349 0.024134737
69.802788 0.023607513
69.8201 0.023244258
69.837361 0.023106451
69.854788 0.022637011
69.872224 0.022249759
69.889849 0.022059917
69.907241 0.021873208
69.924715 0.021753019
69.942191 0.021570699
69.959605 0.021507325
69.976841 0.021620611
69.994117 0.021476504
70.011403 0.021424634
70.028718 0.021270867
70.046012 0.020764925
70.063322 0.020558493
70.080587 0.020655794
70.0979 0.020668063
70.115256 0.020845071
70.132649 0.020867543
70.149967 0.020703384
70.167198 0.020448051
70.184495 0.020079503
70.201779 0.020185148
70.218992 0.02028935
70.236128 0.02039084
70.253367 0.020559795
70.270575 0.020516128
70.287961 0.020187326
70.30523 0.019609998
70.322692 0.019052209
70.340039 0.018461986
70.357356 0.017755187
70.374794 0.017142656
70.392129 0.016933241
70.409484 0.016366515
70.426755 0.01566677
70.444205 0.015131916
70.461614 0.014737989
70.478971 0.014668492
70.496058 0.014268566
70.513296 0.014063261
70.530564 0.014259101
70.547782 0.01448947
70.56505 0.014656887
70.582227 0.014843981
70.599462 0.014871486
70.616701 0.015010962
70.634045 0.015303967
70.651257 0.015327803
70.668346 0.015345881
70.685649 0.015094405
70.703123 0.015350429
70.720335 0.015493428
70.73737 0.014999243
70.754504 0.014744314
70.771675 0.014723846
70.788896 0.014685424
70.806069 0.014434634
70.823339 0.014324003
70.840668 0.01412982
70.857921 0.014072009
70.875269 0.013950264
70.892477 0.013593015
70.909563 0.013031078
70.92682 0.012538622
70.944167 0.012459004
70.961448 0.012227214
70.978779 0.012233463
70.996047 0.012018678
71.013406 0.011870771
71.030701 0.011440787
71.048027 0.010954987
71.065328 0.010359862
71.082681 0.010025862
71.099856 0.010020681
71.117144 0.0098403605
71.134487 0.0097373006
71.151769 0.0093173049
71.169019 0.0090026739
71.186306 0.0086434974
71.20353 0.0083242997
71.220623 0.0079120416
71.237685 0.0077382
71.254788 0.0078699956
71.272031 0.0078128525
71.288921 0.007302735
71.306142 0.0068272142
71.323335 0.0069332445
71.340439 0.006811103
71.357422 0.0067703647
71.374416 0.0065979252
71.391229 0.0061342175
71.408249 0.0058385561
71.425282 0.0057892826
71.442381 0.0057327597
71.459368 0.0054290512
71.476456 0.0052876534
71.49374 0.0054637955
71.510684 0.0053525973
71.527716 0.0049231292
71.544694 0.0046380671
71.561983 0.0042866583
71.579296 0.0043791222
71.596571 0.0045217002
71.613842 0.0045809061
71.631113 0.0043919182
71.648374 0.0040362923
71.665557 0.0034740071
71.682632 0.0029397327
71.699636 0.0028161165
71.716817 0.0026831741
71.733885 0.0026730251
71.751104 0.0029263912
71.768333 0.0031890112
71.785466 0.0026971823
71.802743 0.0021795528
71.819975 0.0022417376
71.83726 0.002144083
71.85454 0.002184017
71.871952 0.0025356104
71.889207 0.0032930572
71.906622 0.0036134018
71.924125 0.0038894514
71.941686 0.0039588755
71.959162 0.0036573443
71.976563 0.0035023033
71.994073 0.0038408941
72.011576 0.0041359838
72.028944 0.003775914
72.046274 0.0035839769
72.063645 0.003455665
72.081002 0.0033135473
72.098452 0.0027013507
72.115875 0.0021817737
72.133185 0.001715021
72.150596 0.0012595414
72.16797 0.001278243
72.185314 0.00095243604
72.202499 0.00074443253
72.219741 0.00042076176
72.236982 0.00062786559
72.254238 0.00094044949
72.271487 0.00090154395
72.288818 0.00097507005
72.305995 0.00089363212
72.323213 0.00083382104
72.340435 0.00091800718
72.357651 0.0010497506
72.374913 0.00077933979
72.392072 0.0008312194
72.409338 0.00057362827
72.426482 0.00063549485
72.443754 0.00028381254
72.461013 -6.661882e-005
72.478324 -0.00026794261
72.495552 -0.0003750902
72.513034 -0.00051225895
72.530521 -0.00069538891
72.547899 -0.00052248406
72.565209 -0.00054574139
72.582438 -0.00047672889
72.599725 -0.00033634656
72.617106 -0.00019701706
72.634597 4.8958555e-005
72.652017 0.00011364318
72.669367 0.00048408312
72.686705 0.00066582209
72.703933 0.00049356787
72.721316 0.00088992954
72.738473 0.0010892209
72.755833 0.00081722834
72.77312 0.00094886696
72.790368 0.0010846269
72.807594 0.0010612534
72.824731 0.001290817
72.841848 0.0012093377
72.859066 0.0012201058
72.876342 0.0010742394
72.89367 0.0010324746
72.910917 0.0011200004
72.928 0.00078019399
72.945162 0.00081467146
72.962212 0.0010500923
72.979138 0.00094193637
72.996297 0.00090478579
73.013417 0.00059276745
73.030638 0.00017998919
73.047827 8.2648465e-005
73.065012 0.00042996717
73.082209 0.00040664309
73.099326 0.00012966686
73.116523 5.4012034e-005
73.133592 1.3616181e-005
73.150661 0.00022405757
73.167888 0.00024721584
73.185371 -0.00010964726
73.202578 -0.00061569238
73.219786 -0.00066685853
73.2371 -0.00036657781
73.254352 -0.00020415988
73.271602 -0.00060799373
73.288849 -0.00046712265
73.306095 -4.7459384e-005
73.323201 -2.5043916e-005
73.340481 -1.7230397e-005
73.357932 -0.0003551539
73.375193 -0.0005424959
73.392441 -3.2566146e-005
73.409749 0.00047580462
73.42703 0.00065283929
73.444072 0.0004353404
73.46108 0.00022020754
73.478216 0.00029846762
73.495162 3.432862e-005
73.512084 -0.00027000772
73.529228 -0.00037687864
73.546377 -8.6693354e-005
73.563345 -3.7509951e-005
73.580384 5.5591756e-005
73.597245 -0.0002611729
73.614167 -0.0003944514
73.631389 -0.00030789992
73.648561 -0.00027467368
73.665921 -0.00011347356
73.683085 -5.1915778e-005
73.70047 -0.00035396024
73.717695 -0.00029508709
73.73489 -0.00018567202
73.752166 -0.00032691662
73.769261 -0.00052614449
73.786391 -0.00059101891
73.803669 -0.00028866016
73.821076 1.2107175e-005
73.838262 0.00019516871
73.855468 -5.0667813e-006
73.872666 -0.00024480825
73.889803 -0.00025734216
73.906916 -0.0003330708
73.924069 -0.00042523341
73.941232 -0.00075512472
73.958256 -0.0006991681
73.975522 -0.00057093913
73.992863 -0.00075464051
74.010048 -0.0013622261
74.027114 -0.0017010978
74.044154 -0.0018672478
74.061329 -0.0014197439
74.078418 -0.0013611027
74.095657 -0.0014851658
74.112825 -0.00096344592
74.130188 -0.00080849927
74.147475 -0.00065998599
74.164823 -0.00054101364
74.182142 -0.00025245286
74.199408 -0.00016633445
74.216705 0.00043695214
74.233924 0.0004457235
74.251298 0.00066298857
74.268636 0.00069354138
74.285876 0.00086072116
74.303026 0.00060587384
74.320444 0.00031036358
74.337732 0.000302108
74.355155 0.00045947668
74.372294 0.00033349825
74.389595 0.00011130128
74.406773 0.00025466525
74.423905 6.6892924e-005
74.44122 -0.00011820362
74.458403 -0.00035912247
74.475487 -0.00036144685
74.492691 -0.00039879815
74.509936 2.9438282e-005
74.52698 0.00012590475
74.544075 0.00037238843
74.561247 0.00050099957
74.57858 0.0005153277
74.595788 0.00054413982
74.612957 0.00058011523
74.630281 0.00077654535
74.647394 0.0011117875
74.664686 0.00084950671
74.68214 0.00038297093
74.699418 -7.625601e-005
74.716882 -0.00034371746
74.734364 -0.00029758889
74.751768 -0.00067896726
74.769048 -0.00078681276
74.786332 -0.00093766375
74.803671 -0.00074934663
74.821198 -0.00096419475
74.83856 -0.00098625701
74.856084 -0.00091859772
74.873643 -0.0002336319
74.891164 -6.4469805e-005
74.908905 0.0003718724
74.926324 0.00058631935
74.943809 0.00053438988
74.961318 0.00047229444
74.97891 0.00068754073
74.996435 0.00090674767
75.014013 0.00081101747
75.031273 0.00096858173
75.048745 0.0007209669
75.066157 0.00061061234
75.083518 0.00036290144
75.100634 0.00058059936
75.117617 0.00064446662
75.13482 0.00047048457
75.151973 0.00079219196
75.169126 0.00112071
75.186284 0.0008512498
75.203523 0.00071803155
75.220667 0.00065559373
75.238389 0.00049944878
75.255519 0.00092402492
75.272686 0.00099797317
75.289795 0.0011242701
75.307142 0.0010654424
75.324702 0.0012724233
75.341992 0.0016087764
75.359448 0.0014399448
75.376894 0.0014334821
75.394014 0.0016900341
75.411216 0.0018568476
75.428394 0.0018604418
75.445313 0.0018628941
75.462678 0.0014629706
75.480089 0.001450775
75.497393 0.0013058499
75.514711 0.00096230089
75.531633 0.00079584055
75.548864 0.00075319653
75.565822 0.00068283321
75.582763 0.00080854301
75.600038 0.00087310598
75.617199 0.0011796484
75.634187 0.0016726903
75.651246 0.0019395024
75.668235 0.0023441504
75.685235 0.0021700413
75.702101 0.0021410784
75.719027 0.0024064175
75.736207 0.002193204
75.753148 0.0019857237
75.770145 0.0019003687
75.787391 0.0016052346
75.804444 0.0013557668
75.821636 0.00059589527
75.839154 0.00021845246
75.856528 0.00032872498
75.873965 -7.4610284e-005
75.891229 4.4558156e-005
75.908768 -0.00012900755
75.926074 -2.7582226e-005
75.943256 0.00011640281
75.960726 0.00019318224
75.978218 0.00052562056
75.99557 0.00057494423
76.012989 0.00067680575
76.030372 0.0010248985
76.047469 0.0008887853
76.064516 0.00073632607
76.081743 0.00061811612
76.09903 0.00021914088
76.116262 0.00033160166
76.133661 0.00019074975
76.151146 0.00042820094
76.168456 0.00043008162
76.185835 5.6553613e-005
76.203072 -3.8167162e-005
76.220398 -0.00031346912
76.237659 -0.00026876099
76.255025 -0.00045297746
76.272456 -0.00055978762
76.289593 -0.00021510309
76.306779 0.00024032452
76.323799 0.00019857082
76.340891 0.00017251164
76.35802 -0.0002043098
76.375366 -0.00017943978
76.392503 -0.00018853569
76.409648 -0.00037160527
76.426718 7.8913831e-005
76.443793 0.00016433223
76.460855 0.00017290291
76.477886 0.00056288015
76.495139 0.00061271393
76.51252 0.00050450796
76.529935 0.00036237284
76.547379 0.0006210975
76.564859 0.00098796608
76.581981 0.00094473667
76.599431 0.0011196842
76.616897 0.0014509411
76.634518 0.0013202231
76.652051 0.0014005232
76.669513 0.0016565425
76.686926 0.0013791862
76.704254 0.001133976
76.7214 0.0010239324
76.73864 0.0012223868
76.755864 0.0011858196
76.773103 0.0010324992
76.790353 0.00099725748
76.807458 0.00096370414
76.824646 0.0010151744
76.841683 0.00099109016
76.858735 0.00071624309
76.875919 0.00047240836
76.893102 0.00025214357
76.910209 0.00020138512
76.927415 0.0003012715
76.944715 0.00040558857
76.961871 0.00052463138
76.978956 0.00051137833
76.996117 0.00061681194
77.013218 0.00063539311
77.030228 0.00049886265
77.04732 0.0004182498
77.064432 0.00033102839
77.081592 0.00023032896
77.098603 3.415784e-005
77.115949 -0.00028286865
77.133302 -0.00032806038
77.150566 -0.00023830621
77.167866 -0.00073454883
77.185134 -0.00093854291
77.202399 -0.001432119
77.219795 -0.0016338735
77.237063 -0.0019642661
77.254215 -0.0020428069
77.271482 -0.0019021877
77.288717 -0.0019063384
77.306066 -0.0017833889
77.323343 -0.0013848285
77.340421 -0.0014337553
77.3575 -0.0017251309
77.374576 -0.0016591199
77.391631 -0.001661448
77.408764 -0.0014151535
77.425813 -0.0013527299
77.442751 -0.0009992538
77.459957 -0.00092257778
77.477098 -0.00074802483
77.49433 -0.00027637083
77.511645 -0.00024094808
77.528828 -0.00021533205
77.546136 0.00012671213
77.563362 0.00015493659
77.580697 0.00036993259
77.597959 0.00044745951
77.615102 0.00042769493
77.632107 0.0003768925
77.649413 0.00024944399
77.666556 1.8956547e-005
77.683549 -6.7044611e-005
77.700564 -0.00042975626
77.717462 -0.00036667079
77.734327 -0.00047446958
77.751307 -0.0004543246
77.768143 -0.00043944616
77.785013 -0.00071382539
77.802028 -0.00058011082
77.819118 -0.00039307079
77.836328 -0.00029095486
77.85349 -0.00035036307
77.870532 -0.00017611347
77.88785 -0.00023871609
77.904969 -0.00015876092
77.9222 -0.00014409605
77.939562 -0.00013100005
77.956849 -0.00038651618
77.974255 -0.0005500953
77.991498 -0.00031071613
78.008757 -0.00049341697
78.02599 -0.00070983464
78.043338 -0.00065851078
78.060621 -0.00045843093
78.078009 -0.00047202301
78.095212 -0.00083550304
78.1125 -0.0009994417
78.129718 -0.00082082736
78.146871 -0.00068146513
78.163931 -0.00056742937
78.181079 -0.0004407661
78.198294 -0.00052829912
78.215449 -0.00039390814
78.232513 -0.00042077779
78.249658 -0.00042233097
78.266902 -0.00057289893
78.284109 -0.00058268612
78.301521 -0.00031248275
78.31878 3.0064366e-005
78.336148 -6.8082421e-005
78.353466 -7.7975757e-005
78.370652 -0.0003767212
78.387953 -0.00031396508
78.40512 0.00014586295
78.422314 0.00022384844
78.439659 0.0002956504
78.456717 0.00037576158
78.474022 0.00061527846
78.49117 0.00037399942
78.508115 0.00024121791
78.525316 -0.00016787153
78.542446 -0.00040453249
78.559714 -0.00042196585
78.57716 0.00016628738
78.594385 0.00035835074
78.611696 3.8652508e-005
78.629141 -0.00018105049
78.64654 0.00011454655
78.664106 3.7315557e-005
78.681376 -0.00016086762
78.698936 0.00016763067
78.716483 0.00034260415
78.733946 0.00052843847
78.751502 0.00063262888
78.76872 0.00047637351
78.786054 0.0001273146
78.80354 1.7734916e-005
78.821089 -0.00011064468
78.838402 6.128484e-005
78.855844 -8.3195706e-005
78.873212 -8.7474489e-005
78.890543 0.000122791
78.907822 0.00033605688
78.925118 0.00060280967
78.942415 0.00066646078
78.959791 0.00065780018
78.97719 0.00077779546
78.99434 0.00097470456
79.011592 0.00090609668
79.028755 0.0011621365
79.046009 0.0012602326
79.063108 0.001541626
79.080236 0.0017148556
79.097496 0.0014075461
79.114694 0.0011268154
79.13194 0.00088253885
79.149187 0.00098204423
79.166286 0.0012220973
79.183335 0.0012611483
79.200721 0.0010717074
79.218086 0.00091921768
79.235422 0.00076439466
79.252824 0.00062652812
79.270251 0.00023217272
79.287569 1.4685222e-005
79.304865 0.00032207625
79.322044 0.00065907509
79.33918 0.00084023518
79.356264 0.00084124756
79.373402 0.00058273037
79.390851 0.00077140731
79.407971 0.00082945694
79.424913 0.0011820641
79.442037 0.0013114264
79.459058 0.0010918799
79.476076 0.0013608011
79.493339 0.0014254964
79.510512 0.0014566844
79.527694 0.00099767906
79.544836 0.00064583535
79.561948 0.00054348324
79.579127 0.00074782881
79.596219 0.00069975831
79.613456 0.00053691943
79.630706 0.00013192677
79.647828 -0.00011285143
79.66499 -3.5909173e-005
79.682064 -0.00014343646
79.69883 -0.00013056091
79.715601 -0.0001730806
79.73253 8.6927087e-005
79.749552 0.00017731358
79.766643 0.00012726908
79.783653 5.9642045e-006
79.800583 -0.00033255875
79.817491 -0.00023944641
79.834401 -2.6945238e-005
79.851301 -0.00014144793
79.86818 -7.3311347e-005
79.885229 -0.0005555499
79.900685 -0.00092436639

