1 0
6.009018 0.018851305
11.018036 0.03697119
16.027054 0.054397778
21.036072 0.071167595
26.04509 0.08731454
31.054108 0.10287092
36.063126 0.11786731
41.072144 0.13233249
46.081162 0.14629362
51.09018 0.15977639
56.099198 0.17280498
61.108216 0.18540235
66.117234 0.19759017
71.126253 0.20938889
76.135271 0.22081778
81.144289 0.23189512
86.153307 0.24263803
91.162325 0.25306294
96.171343 0.26318525
101.18036 0.27301948
106.18938 0.2825793
111.1984 0.29187786
116.20741 0.30092736
121.21643 0.30973933
126.22545 0.31832495
131.23447 0.32669439
136.24349 0.33485758
141.25251 0.34282388
146.26152 0.35060195
151.27054 0.35820014
156.27956 0.3656262
161.28858 0.37288778
166.2976 0.37999185
171.30661 0.38694502
176.31563 0.39375346
181.32465 0.40042344
186.33367 0.40696045
191.34269 0.41336974
196.3517 0.41965655
201.36072 0.42582557
206.36974 0.43188147
211.37876 0.43782837
216.38778 0.4436706
221.39679 0.44941182
226.40581 0.45505578
231.41483 0.46060604
236.42385 0.46606578
241.43287 0.4714382
246.44188 0.47672627
251.4509 0.48193273
256.45992 0.48706044
261.46894 0.49211189
266.47796 0.49708939
271.48697 0.50199531
276.49599 0.50683195
281.50501 0.51160125
286.51403 0.51630515
291.52305 0.52094569
296.53206 0.5255246
301.54108 0.53004347
306.5501 0.53450413
311.55912 0.53890806
316.56814 0.54325675
321.57715 0.54755144
326.58617 0.55179375
331.59519 0.55598469
336.60421 0.56012575
341.61323 0.56421796
346.62224 0.56826246
351.63126 0.57226027
356.64028 0.57621254
361.6493 0.58012019
366.65832 0.58398411
371.66733 0.58780535
376.67635 0.59158458
381.68537 0.59532272
386.69439 0.59902057
391.70341 0.60267893
396.71242 0.60629859
401.72144 0.60988002
406.73046 0.61342412
411.73948 0.61693158
416.7485 0.62040274
421.75752 0.62383852
426.76653 0.62723938
431.77555 0.63060587
436.78457 0.63393847
441.79359 0.63723785
446.80261 0.64050447
451.81162 0.6437389
456.82064 0.64694138
461.82966 0.65011269
466.83868 0.65325296
471.8477 0.65636286
476.85671 0.65944275
481.86573 0.66249296
486.87475 0.66551395
491.88377 0.66850617
496.89279 0.67146986
501.9018 0.67440548
506.91082 0.67731335
511.91984 0.68019383
516.92886 0.68304737
521.93788 0.68587398
526.94689 0.68867433
531.95591 0.69144855
536.96493 0.69419697
541.97395 0.69691993
546.98297 0.69961767
551.99198 0.70229053
557.001 0.70493884
562.01002 0.70756273
567.01904 0.71016254
572.02806 0.71273849
577.03707 0.71529093
582.04609 0.71782008
587.05511 0.72032606
592.06413 0.72280933
597.07315 0.72527
602.08216 0.72770841
607.09118 0.73012456
612.1002 0.73251891
617.10922 0.73489169
622.11824 0.73724289
627.12725 0.73957298
632.13627 0.74188196
637.14529 0.74417015
642.15431 0.74643781
647.16333 0.74868503
652.17234 0.75091216
657.18136 0.75311921
662.19038 0.75530639
667.1994 0.75747406
672.20842 0.75962232
677.21743 0.7617514
682.22645 0.76386131
687.23547 0.76595239
692.24449 0.76802486
697.25351 0.77007873
702.26253 0.77211433
707.27154 0.77413167
712.28056 0.77613109
717.28958 0.77811271
722.2986 0.78007663
727.30762 0.78202309
732.31663 0.7839522
737.32565 0.78586419
742.33467 0.78775905
747.34369 0.78963714
752.35271 0.79149856
757.36172 0.79334344
762.37074 0.79517187
767.37976 0.79698399
772.38878 0.79878012
777.3978 0.80056028
782.40681 0.80232468
787.41583 0.80407333
792.42485 0.80580657
797.43387 0.80752429
802.44289 0.80922694
807.4519 0.81091441
812.46092 0.81258693
817.46994 0.81424461
822.47896 0.81588757
827.48798 0.81751603
832.49699 0.81912999
837.50601 0.82072969
842.51503 0.82231523
847.52405 0.82388674
852.53307 0.82544431
857.54208 0.82698808
862.5511 0.82851815
867.56012 0.83003475
872.56914 0.83153788
877.57816 0.83302778
882.58717 0.83450431
887.59619 0.83596795
892.60521 0.83741858
897.61423 0.83885631
902.62325 0.84028148
907.63226 0.84169387
912.64128 0.84309382
917.6503 0.84448144
922.65932 0.84585674
927.66834 0.84721982
932.67735 0.84857091
937.68637 0.84991014
942.69539 0.85123738
947.70441 0.85255297
952.71343 0.85385681
957.72244 0.85514924
962.73146 0.85643014
967.74048 0.85769985
972.7495 0.85895826
977.75852 0.86020549
982.76754 0.86144176
987.77655 0.86266707
992.78557 0.86388154
997.79459 0.86508528
1002.8036 0.8662784
1007.8126 0.86746102
1012.8216 0.86863315
1017.8307 0.86979488
1022.8397 0.87094634
1027.8487 0.87208765
1032.8577 0.8732189
1037.8667 0.87434012
1042.8758 0.8754514
1047.8848 0.87655287
1052.8938 0.87764464
1057.9028 0.8787267
1062.9118 0.87979929
1067.9208 0.88086229
1072.9299 0.88191605
1077.9389 0.88296033
1082.9479 0.88399548
1087.9569 0.8850215
1092.9659 0.88603839
1097.9749 0.88704626
1102.984 0.88804534
1107.993 0.88903552
1113.002 0.89001691
1118.011 0.89098963
1123.02 0.89195378
1128.0291 0.89290949
1133.0381 0.89385664
1138.0471 0.89479557
1143.0561 0.89572605
1148.0651 0.89664832
1153.0741 0.89756248
1158.0832 0.89846865
1163.0922 0.89936672
1168.1012 0.9002568
1173.1102 0.90113911
1178.1192 0.90201355
1183.1283 0.90288034
1188.1373 0.90373949
1193.1463 0.90459099
1198.1553 0.90543495
1203.1643 0.90627138
1208.1733 0.90710062
1213.1824 0.90792233
1218.1914 0.90873696
1223.2004 0.90954428
1228.2094 0.91034453
1233.2184 0.91113758
1238.2275 0.91192379
1243.2365 0.91270292
1248.2455 0.91347521
1253.2545 0.91424076
1258.2635 0.91499946
1263.2725 0.91575142
1268.2816 0.91649677
1273.2906 0.91723561
1278.2996 0.91796783
1283.3086 0.91869365
1288.3176 0.91941297
1293.3267 0.92012602
1298.3357 0.92083267
1303.3447 0.92153316
1308.3537 0.92222748
1313.3627 0.92291564
1318.3717 0.92359764
1323.3808 0.9242737
1328.3898 0.92494383
1333.3988 0.9256079
1338.4078 0.92626627
1343.4168 0.92691871
1348.4259 0.92756543
1353.4349 0.92820634
1358.4439 0.92884165
1363.4529 0.92947137
1368.4619 0.9300955
1373.4709 0.93071415
1378.48 0.93132732
1383.489 0.93193501
1388.498 0.93253745
1393.507 0.93313452
1398.516 0.93372623
1403.5251 0.93431281
1408.5341 0.93489413
1413.5431 0.93547043
1418.5521 0.9360416
1423.5611 0.93660763
1428.5701 0.93716875
1433.5792 0.93772484
1438.5882 0.93827604
1443.5972 0.93882243
1448.6062 0.93936392
1453.6152 0.93990073
1458.6242 0.94043263
1463.6333 0.94095996
1468.6423 0.94148262
1473.6513 0.94200059
1478.6603 0.94251412
1483.6693 0.94302296
1488.6784 0.94352735
1493.6874 0.94402729
1498.6964 0.9445229
1503.7054 0.94501405
1508.7144 0.94550086
1513.7234 0.94598334
1518.7325 0.9464616
1523.7415 0.94693563
1528.7505 0.94740543
1533.7595 0.94787113
1538.7685 0.94833272
1543.7776 0.9487902
1548.7866 0.94924369
1553.7956 0.94969318
1558.8046 0.95013856
1563.8136 0.95058017
1568.8226 0.95101779
1573.8317 0.95145153
1578.8407 0.9518815
1583.8497 0.95230759
1588.8587 0.95273003
1593.8677 0.95314859
1598.8768 0.95356361
1603.8858 0.95397486
1608.8948 0.95438246
1613.9038 0.95478652
1618.9128 0.95518705
1623.9218 0.95558392
1628.9309 0.95597736
1633.9399 0.95636727
1638.9489 0.95675387
1643.9579 0.95713693
1648.9669 0.95751668
1653.976 0.957893
1658.985 0.95826602
1663.994 0.95863572
1669.003 0.95900223
1674.012 0.95936543
1679.021 0.95972543
1684.0301 0.96008224
1689.0391 0.96043597
1694.0481 0.9607865
1699.0571 0.96113394
1704.0661 0.96147831
1709.0752 0.96181971
1714.0842 0.96215802
1719.0932 0.96249337
1724.1022 0.96282575
1729.1112 0.96315516
1734.1202 0.96348172
1739.1293 0.96380543
1744.1383 0.96412617
1749.1473 0.96444417
1754.1563 0.96475931
1759.1653 0.9650716
1764.1743 0.96538127
1769.1834 0.96568808
1774.1924 0.96599227
1779.2014 0.96629372
1784.2104 0.96659254
1789.2194 0.96688863
1794.2285 0.9671822
1799.2375 0.96747315
1804.2465 0.96776158
1809.2555 0.96804739
1814.2645 0.96833069
1819.2735 0.96861148
1824.2826 0.96888976
1829.2916 0.96916564
1834.3006 0.96943912
1839.3096 0.9697101
1844.3186 0.96997867
1849.3277 0.97024496
1854.3367 0.97050886
1859.3457 0.97077047
1864.3547 0.97102969
1869.3637 0.97128662
1874.3727 0.97154127
1879.3818 0.97179375
1884.3908 0.97204395
1889.3998 0.97229198
1894.4088 0.97253773
1899.4178 0.97278142
1904.4269 0.97302283
1909.4359 0.97326219
1914.4449 0.97349949
1919.4539 0.97373462
1924.4629 0.9739677
1929.4719 0.97419861
1934.481 0.97442757
1939.49 0.97465449
1944.499 0.97487946
1949.508 0.97510238
1954.517 0.97532336
1959.5261 0.9755424
1964.5351 0.97575949
1969.5441 0.97597465
1974.5531 0.97618787
1979.5621 0.97639926
1984.5711 0.97660882
1989.5802 0.97681645
1994.5892 0.97702236
1999.5982 0.97722633
2004.6072 0.97742847
2009.6162 0.97762891
2014.6253 0.97782763
2019.6343 0.97802452
2024.6433 0.9782197
2029.6523 0.97841306
2034.6613 0.97860482
2039.6703 0.97879486
2044.6794 0.9789832
2049.6884 0.97916982
2054.6974 0.97935496
2059.7064 0.97953827
2064.7154 0.9797201
2069.7244 0.97990021
2074.7335 0.98007884
2079.7425 0.98025588
2084.7515 0.98043131
2089.7605 0.98060515
2094.7695 0.98077751
2099.7786 0.98094838
2104.7876 0.98111765
2109.7966 0.98128555
2114.8056 0.98145186
2119.8146 0.98161668
2124.8236 0.98178013
2129.8327 0.98194209
2134.8417 0.98210269
2139.8507 0.98226181
2144.8597 0.98241955
2149.8687 0.98257581
2154.8778 0.98273081
2159.8868 0.98288433
2164.8958 0.9830366
2169.9048 0.98318738
2174.9138 0.98333702
2179.9228 0.98348518
2184.9319 0.98363208
2189.9409 0.98377772
2194.9499 0.983922
2199.9589 0.98406513
2204.9679 0.98420689
2209.977 0.9843474
2214.986 0.98448666
2219.995 0.98462477
2225.004 0.98476162
2230.013 0.98489722
2235.022 0.98503168
2240.0311 0.98516489
2245.0401 0.98529695
2250.0491 0.98542787
2255.0581 0.98555765
2260.0671 0.98568617
2265.0762 0.98581367
2270.0852 0.98594002
2275.0942 0.98606524
2280.1032 0.98618931
2285.1122 0.98631235
2290.1212 0.98643426
2295.1303 0.98655513
2300.1393 0.98667487
2305.1483 0.98679369
2310.1573 0.98691125
2315.1663 0.98702791
2320.1754 0.98714353
2325.1844 0.98725813
2330.1934 0.9873717
2335.2024 0.98748425
2340.2114 0.98759588
2345.2204 0.98770648
2350.2295 0.98781606
2355.2385 0.98792472
2360.2475 0.98803235
2365.2565 0.98813908
2370.2655 0.98824489
2375.2745 0.98834978
2380.2836 0.98845365
2385.2926 0.98855672
2390.3016 0.98865876
2395.3106 0.98876001
2400.3196 0.98886034
2405.3287 0.98895976
2410.3377 0.98905826
2415.3467 0.98915597
2420.3557 0.98925276
2425.3647 0.98934864
2430.3737 0.98944372
2435.3828 0.989538
2440.3918 0.98963148
2445.4008 0.98972405
2450.4098 0.98981582
2455.4188 0.98990679
2460.4279 0.98999696
2465.4369 0.99008633
2470.4459 0.99017491
2475.4549 0.9902628
2480.4639 0.99034977
2485.4729 0.99043606
2490.482 0.99052156
2495.491 0.99060625
2500.5 0.99069026
2505.509 0.99077347
2510.518 0.99085599
2515.5271 0.99093783
2520.5361 0.99101887
2525.5451 0.99109923
2530.5541 0.9911789
2535.5631 0.99125777
2540.5721 0.99133607
2545.5812 0.99141357
2550.5902 0.99149039
2555.5992 0.99156664
2560.6082 0.99164209
2565.6172 0.99171696
2570.6263 0.99179116
2575.6353 0.99186466
2580.6443 0.99193749
2585.6533 0.99200974
2590.6623 0.9920813
2595.6713 0.9921523
2600.6804 0.99222261
2605.6894 0.99229235
2610.6984 0.99236141
2615.7074 0.99242989
2620.7164 0.99249781
2625.7255 0.99256504
2630.7345 0.9926317
2635.7435 0.9926979
2640.7525 0.9927633
2645.7615 0.99282825
2650.7705 0.99289262
2655.7796 0.99295643
2660.7886 0.99301966
2665.7976 0.99308233
2670.8066 0.99314442
2675.8156 0.99320606
2680.8246 0.99326701
2685.8337 0.9933275
2690.8427 0.99338743
2695.8517 0.9934469
2700.8607 0.99350579
2705.8697 0.99356412
2710.8788 0.99362199
2715.8878 0.99367929
2720.8968 0.99373613
2725.9058 0.99379252
2730.9148 0.99384833
2735.9238 0.99390369
2740.9329 0.99395859
2745.9419 0.99401292
2750.9509 0.9940668
2755.9599 0.99412022
2760.9689 0.99417318
2765.978 0.99422568
2770.987 0.99427762
2775.996 0.99432921
2781.005 0.99438035
2786.014 0.99443091
2791.023 0.99448113
2796.0321 0.9945309
2801.0411 0.99458021
2806.0501 0.99462906
2811.0591 0.99467757
2816.0681 0.99472562
2821.0772 0.99477322
2826.0862 0.99482036
2831.0952 0.99486705
2836.1042 0.99491339
2841.1132 0.99495939
2846.1222 0.99500493
2851.1313 0.99505002
2856.1403 0.99509476
2861.1493 0.99513905
2866.1583 0.99518299
2871.1673 0.99522659
2876.1764 0.99526974
2881.1854 0.99531254
2886.1944 0.995355
2891.2034 0.99539701
2896.2124 0.99543867
2901.2214 0.99547999
2906.2305 0.99552085
2911.2395 0.99556148
2916.2485 0.99560166
2921.2575 0.9956415
2926.2665 0.99568099
2931.2756 0.99572014
2936.2846 0.99575895
2941.2936 0.99579742
2946.3026 0.99583554
2951.3116 0.99587332
2956.3206 0.99591076
2961.3297 0.99594797
2966.3387 0.99598472
2971.3477 0.99602113
2976.3567 0.99605732
2981.3657 0.99609316
2986.3747 0.99612866
2991.3838 0.99616392
2996.3928 0.99619874
3001.4018 0.99623332
3006.4108 0.99626757
3011.4198 0.99630158
3016.4289 0.99633525
3021.4379 0.99636858
3026.4469 0.99640168
3031.4559 0.99643444
3036.4649 0.99646697
3041.4739 0.99649916
3046.483 0.99653112
3051.492 0.99656274
3056.501 0.99659413
3061.51 0.99662517
3066.519 0.99665599
3071.5281 0.99668658
3076.5371 0.99671683
3081.5461 0.99674685
3086.5551 0.99677652
3091.5641 0.99680609
3096.5731 0.99683531
3101.5822 0.99686418
3106.5912 0.99689295
3111.6002 0.99692137
3116.6092 0.99694956
3121.6182 0.99697753
3126.6273 0.99700515
3131.6363 0.99703266
3136.6453 0.99705982
3141.6543 0.99708687
3146.6633 0.99711358
3151.6723 0.99714006
3156.6814 0.99716632
3161.6904 0.99719234
3166.6994 0.99721814
3171.7084 0.99724371
3176.7174 0.99726905
3181.7265 0.99729416
3186.7355 0.99731904
3191.7445 0.99734381
3196.7535 0.99736823
3201.7625 0.99739243
3206.7715 0.99741652
3211.7806 0.99744037
3216.7896 0.99746388
3221.7986 0.99748728
3226.8076 0.99751057
3231.8166 0.99753351
3236.8257 0.99755634
3241.8347 0.99757894
3246.8437 0.99760131
3251.8527 0.99762346
3256.8617 0.99764548
3261.8707 0.99766729
3266.8798 0.99768886
3271.8888 0.99771032
3276.8978 0.99773155
3281.9068 0.99775255
3286.9158 0.99777332
3291.9248 0.9977941
3296.9339 0.99781453
3301.9429 0.99783485
3306.9519 0.99785493
3311.9609 0.99787491
3316.9699 0.99789466
3321.979 0.99791429
3326.988 0.99793369
3331.997 0.99795298
3337.006 0.99797204
3342.015 0.99799088
3347.024 0.99800971
3352.0331 0.9980282
3357.0421 0.99804669
3362.0511 0.99806496
3367.0601 0.99808299
3372.0691 0.99810091
3377.0782 0.99811872
3382.0872 0.99813629
3387.0962 0.99815376
3392.1052 0.99817111
3397.1142 0.99818823
3402.1232 0.99820524
3407.1323 0.99822213
3412.1413 0.99823879
3417.1503 0.99825534
3422.1593 0.99827178
3427.1683 0.99828799
3432.1774 0.9983042
3437.1864 0.99832006
3442.1954 0.99833593
3447.2044 0.99835168
3452.2134 0.9983672
3457.2224 0.99838261
3462.2315 0.99839791
3467.2405 0.99841309
3472.2495 0.99842804
3477.2585 0.99844299
3482.2675 0.99845772
3487.2766 0.99847233
3492.2856 0.99848682
3497.2946 0.9985012
3502.3036 0.99851536
3507.3126 0.99852951
3512.3216 0.99854355
3517.3307 0.99855736
3522.3397 0.99857106
3527.3487 0.99858476
3532.3577 0.99859823
3537.3667 0.99861158
3542.3758 0.99862482
3547.3848 0.99863806
3552.3938 0.99865107
3557.4028 0.99866397
3562.4118 0.99867675
3567.4208 0.99868942
3572.4299 0.99870198
3577.4389 0.99871442
3582.4479 0.99872686
3587.4569 0.99873908
3592.4659 0.99875118
3597.4749 0.99876327
3602.484 0.99877515
3607.493 0.9987869
3612.502 0.99879866
3617.511 0.9988103
3622.52 0.99882183
3627.5291 0.99883313
3632.5381 0.99884454
3637.5471 0.99885573
3642.5561 0.9988668
3647.5651 0.99887776
3652.5741 0.99888872
3657.5832 0.99889956
3662.5922 0.99891029
3667.6012 0.9989209
3672.6102 0.99893141
3677.6192 0.99894179
3682.6283 0.99895218
3687.6373 0.99896245
3692.6463 0.99897261
3697.6553 0.99898265
3702.6643 0.99899259
3707.6733 0.99900252
3712.6824 0.99901233
3717.6914 0.99902203
3722.7004 0.99903174
3727.7094 0.99904121
3732.7184 0.99905068
3737.7275 0.99906004
3742.7365 0.9990694
3747.7455 0.99907853
3752.7545 0.99908778
3757.7635 0.9990968
3762.7725 0.9991057
3767.7816 0.9991146
3772.7906 0.99912351
3777.7996 0.99913218
3782.8086 0.99914086
3787.8176 0.99914942
3792.8267 0.99915798
3797.8357 0.99916642
3802.8447 0.99917476
3807.8537 0.99918297
3812.8627 0.99919119
3817.8717 0.99919941
3822.8808 0.9992074
3827.8898 0.99921539
3832.8988 0.99922338
3837.9078 0.99923126
3842.9168 0.99923902
3847.9259 0.99924678
3852.9349 0.99925443
3857.9439 0.99926196
3862.9529 0.99926949
3867.9619 0.99927691
3872.9709 0.99928433
3877.98 0.99929164
3882.989 0.99929883
3887.998 0.99930602
3893.007 0.99931321
3898.016 0.99932029
3903.0251 0.99932725
3908.0341 0.99933421
3913.0431 0.99934106
3918.0521 0.99934791
3923.0611 0.99935464
3928.0701 0.99936138
3933.0792 0.999368
3938.0882 0.9993745
3943.0972 0.99938101
3948.1062 0.99938752
3953.1152 0.99939391
3958.1242 0.9994003
3963.1333 0.99940658
3968.1423 0.99941285
3973.1513 0.99941902
3978.1603 0.99942507
3983.1693 0.99943123
3988.1784 0.99943717
3993.1874 0.99944322
3998.1964 0.99944904
4003.2054 0.99945497
4008.2144 0.99946079
4013.2234 0.9994665
4018.2325 0.99947221
4023.2415 0.99947792
4028.2505 0.99948351
4033.2595 0.99948899
4038.2685 0.99949458
4043.2776 0.99949995
4048.2866 0.99950542
4053.2956 0.99951079
4058.3046 0.99951604
4063.3136 0.9995214
4068.3226 0.99952654
4073.3317 0.99953179
4078.3407 0.99953693
4083.3497 0.99954195
4088.3587 0.99954697
4093.3677 0.99955199
4098.3768 0.99955702
4103.3858 0.99956192
4108.3948 0.99956672
4113.4038 0.99957151
4118.4128 0.99957631
4123.4218 0.9995811
4128.4309 0.99958578
4133.4399 0.99959046
4138.4489 0.99959503
4143.4579 0.99959959
4148.4669 0.99960416
4153.476 0.99960861
4158.485 0.99961306
4163.494 0.99961751
4168.503 0.99962185
4173.512 0.99962619
4178.521 0.99963052
4183.5301 0.99963475
4188.5391 0.99963897
4193.5481 0.99964319
4198.5571 0.9996473
4203.5661 0.99965141
4208.5752 0.99965552
4213.5842 0.99965952
4218.5932 0.99966351
4223.6022 0.99966751
4228.6112 0.99967139
4233.6202 0.99967527
4238.6293 0.99967915
4243.6383 0.99968303
4248.6473 0.9996868
4253.6563 0.99969056
4258.6653 0.99969433
4263.6743 0.99969798
4268.6834 0.99970163
4273.6924 0.99970529
4278.7014 0.99970882
4283.7104 0.99971248
4288.7194 0.99971602
4293.7285 0.99971944
4298.7375 0.99972298
4303.7465 0.9997264
4308.7555 0.99972983
4313.7645 0.99973314
4318.7735 0.99973656
4323.7826 0.99973987
4328.7916 0.99974318
4333.8006 0.99974638
4338.8096 0.99974969
4343.8186 0.99975288
4348.8277 0.99975596
4353.8367 0.99975916
4358.8457 0.99976224
4363.8547 0.99976544
4368.8637 0.99976841
4373.8727 0.99977149
4378.8818 0.99977446
4383.8908 0.99977754
4388.8998 0.99978039
4393.9088 0.99978336
4398.9178 0.99978633
4403.9269 0.99978918
4408.9359 0.99979203
4413.9449 0.99979489
4418.9539 0.99979763
4423.9629 0.99980048
4428.9719 0.99980322
4433.981 0.99980596
4438.99 0.99980858
4443.999 0.99981132
4449.008 0.99981395
4454.017 0.99981657
4459.0261 0.9998192
4464.0351 0.99982182
4469.0441 0.99982434
4474.0531 0.99982696
4479.0621 0.99982947
4484.0711 0.99983198
4489.0802 0.99983438
4494.0892 0.99983689
4499.0982 0.99983929
4504.1072 0.99984169
4509.1162 0.99984408
4514.1253 0.99984648
4519.1343 0.99984888
4524.1433 0.99985116
4529.1523 0.99985344
4534.1613 0.99985572
4539.1703 0.99985801
4544.1794 0.99986029
4549.1884 0.99986257
4554.1974 0.99986474
4559.2064 0.99986691
4564.2154 0.99986908
4569.2244 0.99987125
4574.2335 0.99987342
4579.2425 0.99987547
4584.2515 0.99987753
4589.2605 0.99987969
4594.2695 0.99988175
4599.2786 0.99988369
4604.2876 0.99988574
4609.2966 0.9998878
4614.3056 0.99988974
4619.3146 0.99989168
4624.3236 0.99989362
4629.3327 0.99989556
4634.3417 0.9998975
4639.3507 0.99989944
4644.3597 0.99990127
4649.3687 0.99990321
4654.3778 0.99990503
4659.3868 0.99990686
4664.3958 0.99990869
4669.4048 0.99991051
4674.4138 0.99991223
4679.4228 0.99991405
4684.4319 0.99991576
4689.4409 0.99991748
4694.4499 0.99991919
4699.4589 0.9999209
4704.4679 0.99992261
4709.477 0.99992432
4714.486 0.99992592
4719.495 0.99992763
4724.504 0.99992923
4729.513 0.99993083
4734.522 0.99993243
4739.5311 0.99993403
4744.5401 0.99993562
4749.5491 0.99993722
4754.5581 0.99993871
4759.5671 0.9999403
4764.5762 0.99994179
4769.5852 0.99994327
4774.5942 0.99994476
4779.6032 0.99994624
4784.6122 0.99994772
4789.6212 0.99994921
4794.6303 0.99995069
4799.6393 0.99995206
4804.6483 0.99995354
4809.6573 0.99995491
4814.6663 0.99995628
4819.6754 0.99995765
4824.6844 0.99995902
4829.6934 0.99996039
4834.7024 0.99996176
4839.7114 0.99996302
4844.7204 0.99996439
4849.7295 0.99996564
4854.7385 0.99996701
4859.7475 0.99996827
4864.7565 0.99996952
4869.7655 0.99997078
4874.7745 0.99997204
4879.7836 0.99997329
4884.7926 0.99997455
4889.8016 0.9999758
4894.8106 0.99997694
4899.8196 0.9999782
4904.8287 0.99997934
4909.8377 0.99998048
4914.8467 0.99998174
4919.8557 0.99998288
4924.8647 0.99998402
4929.8737 0.99998516
4934.8828 0.99998619
4939.8918 0.99998733
4944.9008 0.99998847
4949.9098 0.99998961
4954.9188 0.99999064
4959.9279 0.99999167
4964.9369 0.99999281
4969.9459 0.99999384
4974.9549 0.99999486
4979.9639 0.99999589
4984.9729 0.99999692
4989.982 0.99999795
4994.991 0.99999897
5000 1

